4.000000000e-02  3.573676725e+05  -7.710659818e+01  3.574447791e+05  2.866207835e+02  3.954666710e+05
8.000000000e-02  3.573676578e+05  -7.785965925e+01  3.574455174e+05  2.866213755e+02  3.954649881e+05
1.200000000e-01  3.573676424e+05  -7.876329526e+01  3.574464057e+05  2.866220878e+02  3.954629714e+05
1.600000000e-01  3.573676264e+05  -7.982381734e+01  3.574474503e+05  2.866229254e+02  3.954606069e+05
2.000000000e-01  3.573676096e+05  -8.104869068e+01  3.574486583e+05  2.866238941e+02  3.954578778e+05
2.400000000e-01  3.573675919e+05  -8.244661044e+01  3.574500385e+05  2.866250008e+02  3.954547649e+05
2.800000000e-01  3.573675731e+05  -8.402759961e+01  3.574516007e+05  2.866262535e+02  3.954512458e+05
3.200000000e-01  3.573675531e+05  -8.580313071e+01  3.574533563e+05  2.866276612e+02  3.954472950e+05
3.600000000e-01  3.573675317e+05  -8.778627390e+01  3.574553180e+05  2.866292342e+02  3.954428835e+05
4.000000000e-01  3.573675088e+05  -8.999187546e+01  3.574575007e+05  2.866309844e+02  3.954379782e+05
4.400000000e-01  3.573674841e+05  -9.243677236e+01  3.574599208e+05  2.866329250e+02  3.954325417e+05
4.800000000e-01  3.573674573e+05  -9.514005156e+01  3.574625974e+05  2.866350712e+02  3.954265317e+05
5.200000000e-01  3.573674283e+05  -9.812336766e+01  3.574655516e+05  2.866374402e+02  3.954199000e+05
5.600000000e-01  3.573673966e+05  -1.014113395e+02  3.574688080e+05  2.866400513e+02  3.954125920e+05
6.000000000e-01  3.573673620e+05  -1.050320578e+02  3.574723941e+05  2.866429268e+02  3.954045454e+05
6.400000000e-01  3.573673239e+05  -1.090177533e+02  3.574763417e+05  2.866460923e+02  3.953956886e+05
6.800000000e-01  3.573672819e+05  -1.134056990e+02  3.574806876e+05  2.866495771e+02  3.953859390e+05
7.200000000e-01  3.573672352e+05  -1.182394591e+02  3.574854747e+05  2.866534156e+02  3.953752001e+05
7.600000000e-01  3.573671829e+05  -1.235706525e+02  3.574907536e+05  2.866576486e+02  3.953633574e+05
8.000000000e-01  3.573671238e+05  -1.294614764e+02  3.574965853e+05  2.866623248e+02  3.953502732e+05
8.400000000e-01  3.573670564e+05  -1.359883568e+02  3.575030447e+05  2.866675044e+02  3.953357784e+05
8.800000000e-01  3.573669782e+05  -1.432472583e+02  3.575102255e+05  2.866732624e+02  3.953196608e+05
9.200000000e-01  3.573668863e+05  -1.513614407e+02  3.575182477e+05  2.866796951e+02  3.953016485e+05
9.600000000e-01  3.573667760e+05  -1.604928208e+02  3.575272689e+05  2.866869288e+02  3.952813849e+05
1.000000000e+00  3.573666410e+05  -1.708586750e+02  3.575374997e+05  2.866951325e+02  3.952583937e+05
1.040000000e+00  3.573664718e+05  -1.827563128e+02  3.575492281e+05  2.867045370e+02  3.952320259e+05
1.080000000e+00  3.573662547e+05  -1.965997932e+02  3.575628545e+05  2.867154635e+02  3.952013841e+05
1.120000000e+00  3.573659694e+05  -2.129751133e+02  3.575789445e+05  2.867283654e+02  3.951652110e+05
1.160000000e+00  3.573655854e+05  -2.327241993e+02  3.575983096e+05  2.867438935e+02  3.951217243e+05
1.200000000e+00  3.573650567e+05  -2.570745283e+02  3.576221312e+05  2.867629951e+02  3.950683766e+05
1.240000000e+00  3.573643127e+05  -2.878419688e+02  3.576521547e+05  2.867870698e+02  3.950015063e+05
1.280000000e+00  3.573632438e+05  -3.277518299e+02  3.576909956e+05  2.868182147e+02  3.949158544e+05
1.320000000e+00  3.573616780e+05  -3.809495061e+02  3.577426275e+05  2.868596163e+02  3.948039656e+05
1.360000000e+00  3.573593469e+05  -4.538048548e+02  3.578131518e+05  2.869161669e+02  3.946557086e+05
1.400000000e+00  3.573558412e+05  -5.561229865e+02  3.579119642e+05  2.869954007e+02  3.944589430e+05
1.440000000e+00  3.573505954e+05  -7.026996266e+02  3.580532951e+05  2.871087283e+02  3.942052253e+05
1.480000000e+00  3.573431018e+05  -9.140694292e+02  3.582571713e+05  2.872722085e+02  3.939150050e+05
1.520000000e+00  3.573343266e+05  -1.209922576e+03  3.585442492e+05  2.875024050e+02  3.937378412e+05
1.560000000e+00  3.573339118e+05  -1.563186945e+03  3.588970988e+05  2.877853410e+02  3.943520679e+05
1.600000000e+00  3.573924510e+05  -1.669218952e+03  3.590616700e+05  2.879173041e+02  3.985586394e+05
1.640000000e+00  3.576687015e+05  -1.323152397e+02  3.578010168e+05  2.869064363e+02  4.160143255e+05
1.680000000e+00  3.577763179e+05  4.364443870e+03  3.534118741e+05  2.833869570e+02  4.528075517e+05
1.720000000e+00  3.574271747e+05  5.110211222e+03  3.523169635e+05  2.825089916e+02  4.640205799e+05
1.760000000e+00  3.582674705e+05  1.350089874e+04  3.447665717e+05  2.764546321e+02  5.185405155e+05
1.800000000e+00  3.559205852e+05  3.859866588e+03  3.520607186e+05  2.823035190e+02  4.480587190e+05
1.840000000e+00  3.572171267e+05  -2.168377504e+03  3.593855042e+05  2.881769739e+02  4.000350458e+05
1.880000000e+00  3.574124993e+05  -2.196562419e+03  3.596090617e+05  2.883562358e+02  3.930602523e+05
1.920000000e+00  3.574072910e+05  -1.743254976e+03  3.591505460e+05  2.879885702e+02  3.925136934e+05
1.960000000e+00  3.573897824e+05  -1.448867605e+03  3.588386500e+05  2.877384732e+02  3.927433629e+05
2.000000000e+00  3.573780207e+05  -1.299030756e+03  3.586770515e+05  2.876088938e+02  3.929489296e+05
2.040000000e+00  3.573711409e+05  -1.237704499e+03  3.586088454e+05  2.875542020e+02  3.930494061e+05
2.080000000e+00  3.573669458e+05  -1.228509018e+03  3.585954548e+05  2.875434647e+02  3.930639768e+05
2.120000000e+00  3.573636312e+05  -1.255045208e+03  3.586186764e+05  2.875620852e+02  3.930133569e+05
2.160000000e+00  3.573598323e+05  -1.316491563e+03  3.586763239e+05  2.876083104e+02  3.929104980e+05
2.200000000e+00  3.573547290e+05  -1.422853563e+03  3.587775826e+05  2.876895057e+02  3.927766042e+05
2.240000000e+00  3.573487258e+05  -1.586543218e+03  3.589352690e+05  2.878159482e+02  3.926973315e+05
2.280000000e+00  3.573463407e+05  -1.797248676e+03  3.591435893e+05  2.879829920e+02  3.930077449e+05
2.320000000e+00  3.573672412e+05  -1.930434753e+03  3.592976760e+05  2.881065480e+02  3.949046157e+05
2.360000000e+00  3.574746929e+05  -1.448300200e+03  3.589229931e+05  2.878061046e+02  4.021935141e+05
2.400000000e+00  3.576917883e+05  8.562726099e+02  3.568355157e+05  2.861322393e+02  4.217270907e+05
2.440000000e+00  3.573873712e+05  3.167443346e+03  3.542199279e+05  2.840349033e+02  4.381902909e+05
2.480000000e+00  3.570290117e+05  6.598679953e+02  3.563691437e+05  2.857582742e+02  4.197943738e+05
2.520000000e+00  3.572422032e+05  -1.598001833e+03  3.588402051e+05  2.877397202e+02  4.012106292e+05
2.560000000e+00  3.573603414e+05  -2.074475552e+03  3.594348170e+05  2.882165159e+02  3.944515932e+05
2.600000000e+00  3.573850722e+05  -1.970562951e+03  3.593556352e+05  2.881530231e+02  3.926376709e+05
2.640000000e+00  3.573835487e+05  -1.797096718e+03  3.591806454e+05  2.880127058e+02  3.922699451e+05
2.680000000e+00  3.573795801e+05  -1.845496634e+03  3.592250767e+05  2.880483335e+02  3.921371772e+05
2.720000000e+00  3.573796480e+05  -1.909592502e+03  3.592892405e+05  2.880997839e+02  3.919858424e+05
2.760000000e+00  3.573790860e+05  -1.976324067e+03  3.593554101e+05  2.881528426e+02  3.918113787e+05
2.800000000e+00  3.573776442e+05  -2.053382324e+03  3.594310265e+05  2.882134765e+02  3.916151075e+05
2.840000000e+00  3.573751045e+05  -2.150849180e+03  3.595259537e+05  2.882895948e+02  3.914042938e+05
2.880000000e+00  3.573714377e+05  -2.280139566e+03  3.596515773e+05  2.883903274e+02  3.912031799e+05
2.920000000e+00  3.573672749e+05  -2.449906947e+03  3.598171818e+05  2.885231191e+02  3.910890625e+05
2.960000000e+00  3.573653652e+05  -2.652636266e+03  3.600180014e+05  2.886841484e+02  3.912946844e+05
3.000000000e+00  3.573749086e+05  -2.822891233e+03  3.601977998e+05  2.888283216e+02  3.924871792e+05
3.040000000e+00  3.574208986e+05  -2.723686450e+03  3.601445850e+05  2.887856507e+02  3.964287403e+05
3.080000000e+00  3.575310597e+05  -1.803066997e+03  3.593341267e+05  2.881357764e+02  4.064728265e+05
3.120000000e+00  3.575469172e+05  -1.133617621e+01  3.575582534e+05  2.867117740e+02  4.213586806e+05
3.160000000e+00  3.572426792e+05  7.246357169e+00  3.572354329e+05  2.864529171e+02  4.221313409e+05
3.200000000e+00  3.571780554e+05  -2.106588384e+03  3.592846438e+05  2.880960980e+02  4.070539302e+05
3.240000000e+00  3.572933021e+05  -3.531687325e+03  3.608249894e+05  2.893312400e+02  3.959182265e+05
3.280000000e+00  3.573537112e+05  -4.072033308e+03  3.614257445e+05  2.898129617e+02  3.914741346e+05
3.320000000e+00  3.573794422e+05  -4.246228551e+03  3.616256708e+05  2.899732746e+02  3.909997764e+05
3.360000000e+00  3.574252710e+05  -4.097300882e+03  3.615225719e+05  2.898906037e+02  3.943439531e+05
3.400000000e+00  3.575376738e+05  -3.147339512e+03  3.606850133e+05  2.892189987e+02  4.043378747e+05
3.440000000e+00  3.575758335e+05  -1.222294373e+03  3.587981279e+05  2.877059802e+02  4.204512462e+05
3.480000000e+00  3.572494948e+05  -1.030537294e+03  3.582800321e+05  2.872905398e+02  4.227827970e+05
3.520000000e+00  3.571631424e+05  -3.298191402e+03  3.604613338e+05  2.890396390e+02  4.071530503e+05
3.560000000e+00  3.572920632e+05  -4.853887812e+03  3.621459510e+05  2.903904667e+02  3.955586735e+05
3.600000000e+00  3.573617345e+05  -5.400274417e+03  3.627620089e+05  2.908844591e+02  3.913275083e+05
3.640000000e+00  3.573825862e+05  -5.556915502e+03  3.629395017e+05  2.910267835e+02  3.908647303e+05
3.680000000e+00  3.573833458e+05  -5.629312398e+03  3.630126582e+05  2.910854448e+02  3.919848526e+05
3.720000000e+00  3.573703038e+05  -5.771859459e+03  3.631421633e+05  2.911892898e+02  3.933512801e+05
3.760000000e+00  3.573477269e+05  -6.106126185e+03  3.634538531e+05  2.914392215e+02  3.939322635e+05
3.800000000e+00  3.573325563e+05  -6.643034091e+03  3.639755904e+05  2.918575819e+02  3.936202156e+05
3.840000000e+00  3.573439578e+05  -7.194371822e+03  3.645383296e+05  2.923088201e+02  3.937510845e+05
3.880000000e+00  3.573832338e+05  -7.465805080e+03  3.648490389e+05  2.925579656e+02  3.962266502e+05
3.920000000e+00  3.574180989e+05  -7.325925585e+03  3.647440245e+05  2.924737587e+02  4.014293644e+05
3.960000000e+00  3.573987649e+05  -7.116409844e+03  3.645151747e+05  2.922902532e+02  4.062695438e+05
4.000000000e+00  3.573654696e+05  -7.266129254e+03  3.646315989e+05  2.923836091e+02  4.074083000e+05
4.040000000e+00  3.574165100e+05  -7.320047050e+03  3.647365571e+05  2.924677709e+02  4.079091528e+05
4.080000000e+00  3.574877197e+05  -6.598178776e+03  3.640858985e+05  2.919460336e+02  4.122183928e+05
4.120000000e+00  3.573862747e+05  -6.043488846e+03  3.634297636e+05  2.914199050e+02  4.137984639e+05
4.160000000e+00  3.572856395e+05  -6.804893703e+03  3.640905332e+05  2.919497499e+02  4.055655489e+05
4.200000000e+00  3.573343929e+05  -7.665901940e+03  3.650002948e+05  2.926792517e+02  3.970131643e+05
4.240000000e+00  3.574262974e+05  -7.773124265e+03  3.651994217e+05  2.928389236e+02  3.954985897e+05
4.280000000e+00  3.574999105e+05  -7.060558658e+03  3.645604692e+05  2.923265730e+02  4.010195572e+05
4.320000000e+00  3.575532253e+05  -5.723827949e+03  3.632770533e+05  2.912974527e+02  4.116906489e+05
4.360000000e+00  3.575897858e+05  -3.928960528e+03  3.615187463e+05  2.898875361e+02  4.249800360e+05
4.400000000e+00  3.574337734e+05  -2.579609441e+03  3.600133828e+05  2.886804449e+02  4.328595338e+05
4.440000000e+00  3.571707485e+05  -3.902480972e+03  3.610732295e+05  2.895302939e+02  4.203411523e+05
4.480000000e+00  3.572542322e+05  -5.887551037e+03  3.631417832e+05  2.911889850e+02  4.020345822e+05
4.520000000e+00  3.573757463e+05  -6.578782002e+03  3.639545283e+05  2.918406930e+02  3.923600370e+05
4.560000000e+00  3.574228259e+05  -6.488986258e+03  3.639118121e+05  2.918064406e+02  3.890201768e+05
4.600000000e+00  3.574330969e+05  -6.164196033e+03  3.635972930e+05  2.915542402e+02  3.885157235e+05
4.640000000e+00  3.574311854e+05  -5.816204966e+03  3.632473903e+05  2.912736672e+02  3.891658181e+05
4.680000000e+00  3.574251017e+05  -5.513486087e+03  3.629385877e+05  2.910260506e+02  3.902030840e+05
4.720000000e+00  3.574165870e+05  -5.285727993e+03  3.627023150e+05  2.908365929e+02  3.911749785e+05
4.760000000e+00  3.574066402e+05  -5.152401227e+03  3.625590414e+05  2.907217075e+02  3.917803751e+05
4.800000000e+00  3.573976898e+05  -5.115591174e+03  3.625132810e+05  2.906850140e+02  3.919328182e+05
4.840000000e+00  3.573931878e+05  -5.146428067e+03  3.625396159e+05  2.907061309e+02  3.918522822e+05
4.880000000e+00  3.573968738e+05  -5.179972522e+03  3.625768463e+05  2.907359846e+02  3.920738098e+05
4.920000000e+00  3.574137631e+05  -5.107887418e+03  3.625216505e+05  2.906917252e+02  3.934294579e+05
4.960000000e+00  3.574481288e+05  -4.769140014e+03  3.622172688e+05  2.904476536e+02  3.969699767e+05
5.000000000e+00  3.574816349e+05  -4.054813775e+03  3.615364487e+05  2.899017310e+02  4.030474449e+05
5.040000000e+00  3.574444351e+05  -3.345790584e+03  3.607902256e+05  2.893033643e+02  4.084913033e+05
5.080000000e+00  3.573430731e+05  -3.456209224e+03  3.607992823e+05  2.893106265e+02  4.074331816e+05
5.120000000e+00  3.573086410e+05  -4.289347353e+03  3.615979884e+05  2.899510772e+02  4.006901916e+05
5.160000000e+00  3.573397374e+05  -5.039890481e+03  3.623796279e+05  2.905778429e+02  3.941995679e+05
5.200000000e+00  3.573704341e+05  -5.449310020e+03  3.628197441e+05  2.909307546e+02  3.903318085e+05
5.240000000e+00  3.573860770e+05  -5.639173696e+03  3.630252507e+05  2.910955422e+02  3.886701224e+05
5.280000000e+00  3.573935026e+05  -5.734906487e+03  3.631284091e+05  2.911782608e+02  3.886063231e+05
5.320000000e+00  3.574033214e+05  -5.811930937e+03  3.632152524e+05  2.912478970e+02  3.901496348e+05
5.360000000e+00  3.574297251e+05  -5.707507305e+03  3.631372324e+05  2.911853359e+02  3.941654544e+05
5.400000000e+00  3.574786960e+05  -5.211250225e+03  3.626899462e+05  2.908266749e+02  4.018755137e+05
5.440000000e+00  3.575410405e+05  -4.138000684e+03  3.616790412e+05  2.900160703e+02  4.138212750e+05
5.480000000e+00  3.575732950e+05  -2.512186072e+03  3.600854810e+05  2.887382576e+02  4.282498730e+05
5.520000000e+00  3.573398259e+05  -1.844027027e+03  3.591838529e+05  2.880152778e+02  4.330654436e+05
5.560000000e+00  3.571386411e+05  -3.967848985e+03  3.611064901e+05  2.895569642e+02  4.163544687e+05
5.600000000e+00  3.572683258e+05  -6.008499351e+03  3.632768252e+05  2.912972698e+02  3.986638285e+05
5.640000000e+00  3.573749827e+05  -6.711583863e+03  3.640865666e+05  2.919465693e+02  3.901023203e+05
5.680000000e+00  3.574087661e+05  -6.791711224e+03  3.642004773e+05  2.920379098e+02  3.870149734e+05
5.720000000e+00  3.574140682e+05  -6.722493480e+03  3.641365617e+05  2.919866584e+02  3.863728601e+05
5.760000000e+00  3.574163515e+05  -6.631537921e+03  3.640478894e+05  2.919155556e+02  3.871516696e+05
5.800000000e+00  3.574281323e+05  -6.591734510e+03  3.640198669e+05  2.918930854e+02  3.896276920e+05
5.840000000e+00  3.574694314e+05  -6.273401301e+03  3.637428327e+05  2.916709428e+02  3.947454946e+05
5.880000000e+00  3.575233048e+05  -5.429782299e+03  3.629530871e+05  2.910376771e+02  4.034171243e+05
5.920000000e+00  3.574860757e+05  -4.439605757e+03  3.619256814e+05  2.902138413e+02  4.119613497e+05
5.960000000e+00  3.573428093e+05  -4.546136232e+03  3.618889456e+05  2.901843842e+02  4.113923527e+05
6.000000000e+00  3.573105591e+05  -5.592577936e+03  3.629031371e+05  2.909976241e+02  4.030524994e+05
6.040000000e+00  3.573660701e+05  -6.359606321e+03  3.637256764e+05  2.916571858e+02  3.958447109e+05
6.080000000e+00  3.574083511e+05  -6.607683685e+03  3.640160348e+05  2.918900127e+02  3.922984010e+05
6.120000000e+00  3.574260812e+05  -6.579500971e+03  3.640055822e+05  2.918816311e+02  3.913916411e+05
6.160000000e+00  3.574361260e+05  -6.434779462e+03  3.638709055e+05  2.917736392e+02  3.923866271e+05
6.200000000e+00  3.574742624e+05  -6.079536393e+03  3.635537988e+05  2.915193640e+02  3.962007311e+05
6.240000000e+00  3.576363803e+05  -4.758082469e+03  3.623944628e+05  2.905897384e+02  4.078574159e+05
6.280000000e+00  3.578492240e+05  -1.109580866e+03  3.589588049e+05  2.878348207e+02  4.343263179e+05
6.320000000e+00  3.572138241e+05  3.485429585e+02  3.568652811e+05  2.861561070e+02  4.424887307e+05
6.360000000e+00  3.570763051e+05  -3.354802308e+03  3.604311074e+05  2.890154017e+02  4.143002898e+05
6.400000000e+00  3.573354563e+05  -5.187336867e+03  3.625227932e+05  2.906926415e+02  3.970661063e+05
6.440000000e+00  3.574249510e+05  -5.396992780e+03  3.628219438e+05  2.909325185e+02  3.912469350e+05
6.480000000e+00  3.574403280e+05  -5.202910702e+03  3.626432387e+05  2.907892219e+02  3.893783329e+05
6.520000000e+00  3.574378382e+05  -4.976871985e+03  3.624147101e+05  2.906059740e+02  3.887371327e+05
6.560000000e+00  3.574320763e+05  -4.798919731e+03  3.622309960e+05  2.904586609e+02  3.885021376e+05
6.600000000e+00  3.574262833e+05  -4.680254767e+03  3.621065380e+05  2.903588630e+02  3.884122594e+05
6.640000000e+00  3.574209313e+05  -4.617118310e+03  3.620380496e+05  2.903039449e+02  3.883816763e+05
6.680000000e+00  3.574160341e+05  -4.605198978e+03  3.620212331e+05  2.902904603e+02  3.883884280e+05
6.720000000e+00  3.574117732e+05  -4.639107356e+03  3.620508805e+05  2.903142334e+02  3.884561808e+05
6.760000000e+00  3.574089440e+05  -4.708689927e+03  3.621176339e+05  2.903677604e+02  3.886705732e+05
6.800000000e+00  3.574096337e+05  -4.789407760e+03  3.621990415e+05  2.904330378e+02  3.892311707e+05
6.840000000e+00  3.574180529e+05  -4.824516450e+03  3.622425693e+05  2.904679411e+02  3.905394298e+05
6.880000000e+00  3.574394369e+05  -4.706215856e+03  3.621456528e+05  2.903902275e+02  3.932455634e+05
6.920000000e+00  3.574685635e+05  -4.320735286e+03  3.617892988e+05  2.901044815e+02  3.978279864e+05
6.960000000e+00  3.574682269e+05  -3.762742334e+03  3.612309693e+05  2.896567791e+02  4.030044530e+05
7.000000000e+00  3.574079693e+05  -3.554917109e+03  3.609628864e+05  2.894418141e+02  4.046767956e+05
7.040000000e+00  3.573596907e+05  -3.966877792e+03  3.613265684e+05  2.897334363e+02  4.009746270e+05
7.080000000e+00  3.573711564e+05  -4.515376408e+03  3.618865328e+05  2.901824495e+02  3.955365053e+05
7.120000000e+00  3.573989474e+05  -4.818136176e+03  3.622170836e+05  2.904475051e+02  3.915375120e+05
7.160000000e+00  3.574141578e+05  -4.905292375e+03  3.623194502e+05  2.905295888e+02  3.892916282e+05
7.200000000e+00  3.574161355e+05  -4.918355368e+03  3.623344909e+05  2.905416493e+02  3.881337867e+05
7.240000000e+00  3.574103840e+05  -4.959250254e+03  3.623696343e+05  2.905698294e+02  3.875427819e+05
7.280000000e+00  3.574027532e+05  -5.074062271e+03  3.624768154e+05  2.906557738e+02  3.873977620e+05
7.320000000e+00  3.574073853e+05  -5.217326071e+03  3.626247114e+05  2.907743656e+02  3.883278139e+05
7.360000000e+00  3.574821884e+05  -5.008296343e+03  3.624904848e+05  2.906667346e+02  3.933195316e+05
7.400000000e+00  3.577852054e+05  -2.910761731e+03  3.606959672e+05  2.892277822e+02  4.122272023e+05
7.440000000e+00  3.577706542e+05  1.825013968e+03  3.559456402e+05  2.854186835e+02  4.459351549e+05
7.480000000e+00  3.568833386e+05  -3.074764383e+02  3.571908150e+05  2.864171398e+02  4.302133154e+05
7.520000000e+00  3.571904044e+05  -4.272388179e+03  3.614627926e+05  2.898426691e+02  4.002378340e+05
7.560000000e+00  3.573984646e+05  -5.155186592e+03  3.625536512e+05  2.907173853e+02  3.900264722e+05
7.600000000e+00  3.574384219e+05  -5.056873910e+03  3.624952958e+05  2.906705924e+02  3.876142682e+05
7.640000000e+00  3.574375218e+05  -4.839619838e+03  3.622771416e+05  2.904956632e+02  3.872348511e+05
7.680000000e+00  3.574297413e+05  -4.680905128e+03  3.621106464e+05  2.903621573e+02  3.873438915e+05
7.720000000e+00  3.574219224e+05  -4.602205271e+03  3.620241277e+05  2.902927814e+02  3.875497575e+05
7.760000000e+00  3.574151379e+05  -4.596082523e+03  3.620112204e+05  2.902824316e+02  3.877608445e+05
7.800000000e+00  3.574093366e+05  -4.652150442e+03  3.620614871e+05  2.903227384e+02  3.879721385e+05
7.840000000e+00  3.574042988e+05  -4.761798332e+03  3.621660971e+05  2.904066210e+02  3.882128002e+05
7.880000000e+00  3.573998596e+05  -4.918468196e+03  3.623183278e+05  2.905286888e+02  3.885386126e+05
7.920000000e+00  3.573962620e+05  -5.115416224e+03  3.625116782e+05  2.906837288e+02  3.890465081e+05
7.960000000e+00  3.573945442e+05  -5.339360395e+03  3.627339046e+05  2.908619233e+02  3.899158450e+05
8.000000000e+00  3.573977505e+05  -5.556959722e+03  3.629547102e+05  2.910389786e+02  3.914982111e+05
8.040000000e+00  3.574133298e+05  -5.681734447e+03  3.630950642e+05  2.911515229e+02  3.945012552e+05
8.080000000e+00  3.574523938e+05  -5.527761439e+03  3.629801552e+05  2.910593819e+02  4.001800027e+05
8.120000000e+00  3.575067824e+05  -4.866575990e+03  3.623733583e+05  2.905728156e+02  4.096916484e+05
8.160000000e+00  3.574929158e+05  -3.942034491e+03  3.614349503e+05  2.898203434e+02  4.205337709e+05
8.200000000e+00  3.573764559e+05  -3.813997434e+03  3.611904533e+05  2.896242910e+02  4.250731064e+05
8.240000000e+00  3.573868052e+05  -4.381760595e+03  3.617685658e+05  2.900878565e+02  4.244836860e+05
8.280000000e+00  3.577885834e+05  -2.837142198e+03  3.606257256e+05  2.891714583e+02  4.377074113e+05
8.320000000e+00  3.577124692e+05  2.213482255e+03  3.554989870e+05  2.850605300e+02  4.696311342e+05
8.360000000e+00  3.567184539e+05  -1.963172432e+03  3.586816263e+05  2.876125622e+02  4.364106504e+05
8.400000000e+00  3.572235712e+05  -6.166679632e+03  3.633902508e+05  2.913882213e+02  4.011447063e+05
8.440000000e+00  3.574226371e+05  -6.732749245e+03  3.641553864e+05  2.920017532e+02  3.904256396e+05
8.480000000e+00  3.574475705e+05  -6.484591410e+03  3.639321619e+05  2.918227583e+02  3.874242381e+05
8.520000000e+00  3.574384108e+05  -6.225644537e+03  3.636640553e+05  2.916077743e+02  3.864008709e+05
8.560000000e+00  3.574248475e+05  -6.091860432e+03  3.635167080e+05  2.914896223e+02  3.859314230e+05
8.600000000e+00  3.574123485e+05  -6.089658823e+03  3.635020073e+05  2.914778344e+02  3.856931506e+05
8.640000000e+00  3.574033571e+05  -6.195669013e+03  3.635990261e+05  2.915556300e+02  3.857687291e+05
8.680000000e+00  3.574048793e+05  -6.342726479e+03  3.637476057e+05  2.916747701e+02  3.866894158e+05
8.720000000e+00  3.574388808e+05  -6.321235718e+03  3.637601165e+05  2.916848019e+02  3.899991942e+05
8.760000000e+00  3.575445264e+05  -5.584628508e+03  3.631291549e+05  2.911788589e+02  3.991628273e+05
8.800000000e+00  3.576225050e+05  -3.694470193e+03  3.613169752e+05  2.897257439e+02  4.156815424e+05
8.840000000e+00  3.573177419e+05  -3.051871074e+03  3.603696130e+05  2.889660917e+02  4.217652223e+05
8.880000000e+00  3.571651278e+05  -5.301422630e+03  3.624665504e+05  2.906475426e+02  4.069740639e+05
8.920000000e+00  3.572964233e+05  -7.119998913e+03  3.644164222e+05  2.922110674e+02  3.942552008e+05
8.960000000e+00  3.573805442e+05  -7.797754699e+03  3.651782989e+05  2.928219861e+02  3.897121806e+05
9.000000000e+00  3.574118866e+05  -7.968152180e+03  3.653800388e+05  2.929837534e+02  3.898255115e+05
9.040000000e+00  3.574282664e+05  -7.929526000e+03  3.653577924e+05  2.929659148e+02  3.925275448e+05
9.080000000e+00  3.574449494e+05  -7.731040636e+03  3.651759900e+05  2.928201347e+02  3.971411024e+05
9.120000000e+00  3.574624667e+05  -7.355680950e+03  3.648181477e+05  2.925331951e+02  4.032926645e+05
9.160000000e+00  3.574638063e+05  -6.876568174e+03  3.643403745e+05  2.921500878e+02  4.098960517e+05
9.200000000e+00  3.574202777e+05  -6.620608327e+03  3.640408860e+05  2.919099399e+02  4.141587519e+05
9.240000000e+00  3.573541380e+05  -6.981565406e+03  3.643357034e+05  2.921463422e+02  4.132481914e+05
9.280000000e+00  3.573357879e+05  -7.776835353e+03  3.651126233e+05  2.927693234e+02  4.087709283e+05
9.320000000e+00  3.573641180e+05  -8.465123888e+03  3.658292418e+05  2.933439514e+02  4.050689571e+05
9.360000000e+00  3.574145060e+05  -8.748284356e+03  3.661627904e+05  2.936114108e+02  4.049250627e+05
9.400000000e+00  3.575144684e+05  -8.280898068e+03  3.657953665e+05  2.933167882e+02  4.110641975e+05
9.440000000e+00  3.576106398e+05  -6.678987735e+03  3.642896276e+05  2.921093958e+02  4.254385677e+05
9.480000000e+00  3.575624755e+05  -5.001583454e+03  3.625640589e+05  2.907257308e+02  4.398000992e+05
9.520000000e+00  3.576154553e+05  -3.121758949e+03  3.607372142e+05  2.892608566e+02  4.531278833e+05
9.560000000e+00  3.570786005e+05  -3.887724222e+03  3.609663247e+05  2.894445712e+02  4.448430365e+05
9.600000000e+00  3.572093722e+05  -7.209362255e+03  3.644187345e+05  2.922129215e+02  4.180807166e+05
9.640000000e+00  3.574554817e+05  -7.652491093e+03  3.651079728e+05  2.927655944e+02  4.094293907e+05
9.680000000e+00  3.574269110e+05  -7.324509385e+03  3.647514204e+05  2.924796892e+02  4.060388761e+05
9.720000000e+00  3.573953724e+05  -7.491842762e+03  3.648872152e+05  2.925885777e+02  3.997362098e+05
9.760000000e+00  3.574265808e+05  -7.569059679e+03  3.649956404e+05  2.926755196e+02  3.945197882e+05
9.800000000e+00  3.574491648e+05  -7.344135283e+03  3.647933001e+05  2.925132709e+02  3.921008405e+05
9.840000000e+00  3.574496064e+05  -7.026184262e+03  3.644757906e+05  2.922586726e+02  3.912239223e+05
9.880000000e+00  3.574403150e+05  -6.769195334e+03  3.642095103e+05  2.920451530e+02  3.907563721e+05
9.920000000e+00  3.574313789e+05  -6.608655933e+03  3.640400348e+05  2.919092573e+02  3.903372671e+05
9.960000000e+00  3.574266146e+05  -6.515461702e+03  3.639420763e+05  2.918307083e+02  3.900763333e+05
1.000000000e+01  3.574263380e+05  -6.444499654e+03  3.638708376e+05  2.917735848e+02  3.902197318e+05
1.004000000e+01  3.574297235e+05  -6.354926834e+03  3.637846504e+05  2.917044747e+02  3.909739723e+05
1.008000000e+01  3.574348954e+05  -6.219201598e+03  3.636540969e+05  2.915997891e+02  3.924047697e+05
1.012000000e+01  3.574377204e+05  -6.040369025e+03  3.634780894e+05  2.914586556e+02  3.943001179e+05
1.016000000e+01  3.574330088e+05  -5.871932871e+03  3.633049417e+05  2.913198153e+02  3.960617239e+05
1.020000000e+01  3.574208401e+05  -5.796131121e+03  3.632169712e+05  2.912492753e+02  3.969298053e+05
1.024000000e+01  3.574095434e+05  -5.845576419e+03  3.632551198e+05  2.912798651e+02  3.965905722e+05
1.028000000e+01  3.574062525e+05  -5.965742302e+03  3.633719948e+05  2.913735825e+02  3.954458508e+05
1.032000000e+01  3.574094241e+05  -6.078761985e+03  3.634881861e+05  2.914667517e+02  3.941380380e+05
1.036000000e+01  3.574137580e+05  -6.149675239e+03  3.635634333e+05  2.915270895e+02  3.930372966e+05
1.040000000e+01  3.574160480e+05  -6.187316299e+03  3.636033643e+05  2.915591085e+02  3.921916059e+05
1.044000000e+01  3.574157526e+05  -6.216755312e+03  3.636325079e+05  2.915824777e+02  3.915094395e+05
1.048000000e+01  3.574135480e+05  -6.260804865e+03  3.636743529e+05  2.916160315e+02  3.909079465e+05
1.052000000e+01  3.574105852e+05  -6.331967002e+03  3.637425522e+05  2.916707178e+02  3.903870748e+05
1.056000000e+01  3.574084170e+05  -6.430067612e+03  3.638384846e+05  2.917476422e+02  3.900672265e+05
1.060000000e+01  3.574098602e+05  -6.532982161e+03  3.639428423e+05  2.918313225e+02  3.902511891e+05
1.064000000e+01  3.574209061e+05  -6.574686293e+03  3.639955924e+05  2.918736207e+02  3.915512677e+05
1.068000000e+01  3.574515525e+05  -6.405039445e+03  3.638565920e+05  2.917621618e+02  3.950643400e+05
1.072000000e+01  3.575004837e+05  -5.808468960e+03  3.633089527e+05  2.913230316e+02  4.020142608e+05
1.076000000e+01  3.575009975e+05  -4.899244362e+03  3.624002419e+05  2.905943725e+02  4.109024359e+05
1.080000000e+01  3.573886914e+05  -4.646984451e+03  3.620356759e+05  2.903020414e+02  4.145585427e+05
1.084000000e+01  3.573353468e+05  -5.375449860e+03  3.627107967e+05  2.908433940e+02  4.108884648e+05
1.088000000e+01  3.574151176e+05  -5.826884667e+03  3.632420023e+05  2.912693467e+02  4.085656068e+05
1.092000000e+01  3.574811668e+05  -5.411068013e+03  3.628922348e+05  2.909888820e+02  4.114647165e+05
1.096000000e+01  3.574055465e+05  -5.101294161e+03  3.625068406e+05  2.906798498e+02  4.126755823e+05
1.100000000e+01  3.573377439e+05  -5.730073835e+03  3.630678178e+05  2.911296750e+02  4.068804513e+05
1.104000000e+01  3.574322719e+05  -6.132722098e+03  3.635649940e+05  2.915283410e+02  4.026524516e+05
1.108000000e+01  3.576239635e+05  -4.959999014e+03  3.625839625e+05  2.907416907e+02  4.094344716e+05
1.112000000e+01  3.576319038e+05  -2.469392611e+03  3.601012964e+05  2.887509393e+02  4.241379104e+05
1.116000000e+01  3.572578156e+05  -2.430272102e+03  3.596880877e+05  2.884196036e+02  4.206071050e+05
1.120000000e+01  3.572595705e+05  -4.367136227e+03  3.616267068e+05  2.899741053e+02  4.027848934e+05
1.124000000e+01  3.573924626e+05  -5.160635311e+03  3.625530979e+05  2.907169416e+02  3.923186067e+05
1.128000000e+01  3.574422975e+05  -5.091328529e+03  3.625336260e+05  2.907013279e+02  3.885969899e+05
1.132000000e+01  3.574482711e+05  -4.806728361e+03  3.622549994e+05  2.904779083e+02  3.875929920e+05
1.136000000e+01  3.574414199e+05  -4.548467435e+03  3.619898873e+05  2.902653254e+02  3.874917449e+05
1.140000000e+01  3.574321748e+05  -4.376295122e+03  3.618084699e+05  2.901198540e+02  3.876615520e+05
1.144000000e+01  3.574234518e+05  -4.294779245e+03  3.617182310e+05  2.900474950e+02  3.879134740e+05
1.148000000e+01  3.574074348e+05  -4.340717705e+03  3.617481525e+05  2.900714879e+02  3.882425868e+05
1.152000000e+01  3.574038111e+05  -4.498328854e+03  3.619021400e+05  2.901949643e+02  3.890447094e+05
1.156000000e+01  3.574159843e+05  -4.616327141e+03  3.620323114e+05  2.902993436e+02  3.911643259e+05
1.160000000e+01  3.574637812e+05  -4.432315373e+03  3.618960966e+05  2.901901183e+02  3.963508827e+05
1.164000000e+01  3.575471775e+05  -3.536124757e+03  3.610833022e+05  2.895383708e+02  4.067744042e+05
1.168000000e+01  3.575318943e+05  -2.176992521e+03  3.597088868e+05  2.884362816e+02  4.192916943e+05
1.172000000e+01  3.573569418e+05  -2.022814662e+03  3.593797565e+05  2.881723651e+02  4.216164506e+05
1.176000000e+01  3.573172575e+05  -3.027491156e+03  3.603447487e+05  2.889461540e+02  4.140667849e+05
1.180000000e+01  3.573610252e+05  -3.809158801e+03  3.611701840e+05  2.896080378e+02  4.064551975e+05
1.184000000e+01  3.573861259e+05  -4.248819584e+03  3.616349455e+05  2.899807117e+02  4.005796523e+05
1.188000000e+01  3.574046185e+05  -4.487372117e+03  3.618919906e+05  2.901868260e+02  3.961769384e+05
1.192000000e+01  3.574204445e+05  -4.552936258e+03  3.619733808e+05  2.902520895e+02  3.933900342e+05
1.196000000e+01  3.574303718e+05  -4.492277791e+03  3.619226496e+05  2.902114102e+02  3.920479057e+05
1.200000000e+01  3.574353842e+05  -4.361942886e+03  3.617973271e+05  2.901109190e+02  3.917847702e+05
1.204000000e+01  3.574382515e+05  -4.195579464e+03  3.616338310e+05  2.899798180e+02  3.923070889e+05
1.208000000e+01  3.574408812e+05  -4.003291417e+03  3.614441727e+05  2.898277385e+02  3.934357224e+05
1.212000000e+01  3.574431898e+05  -3.785513641e+03  3.612287034e+05  2.896549623e+02  3.950163835e+05
1.216000000e+01  3.574425348e+05  -3.561371884e+03  3.610039067e+05  2.894747067e+02  3.967626272e+05
1.220000000e+01  3.574369093e+05  -3.369271579e+03  3.608061809e+05  2.893161582e+02  3.982026801e+05
1.224000000e+01  3.574260013e+05  -3.265587963e+03  3.606915892e+05  2.892242717e+02  3.987999148e+05
1.228000000e+01  3.574153885e+05  -3.275161268e+03  3.606905497e+05  2.892234382e+02  3.983303466e+05
1.232000000e+01  3.574103773e+05  -3.363894762e+03  3.607742720e+05  2.892905718e+02  3.970701337e+05
1.236000000e+01  3.574103295e+05  -3.469419662e+03  3.608797492e+05  2.893751497e+02  3.955405401e+05
1.240000000e+01  3.574140310e+05  -3.555821052e+03  3.609698521e+05  2.894473996e+02  3.941311341e+05
1.244000000e+01  3.574174471e+05  -3.605230558e+03  3.610226776e+05  2.894897583e+02  3.930132771e+05
1.248000000e+01  3.574194296e+05  -3.628110980e+03  3.610475406e+05  2.895096950e+02  3.921806662e+05
1.252000000e+01  3.574198958e+05  -3.639785118e+03  3.610596809e+05  2.895194298e+02  3.915637202e+05
1.256000000e+01  3.574191116e+05  -3.654015769e+03  3.610731273e+05  2.895302120e+02  3.910867158e+05
1.260000000e+01  3.574173271e+05  -3.681826653e+03  3.610991538e+05  2.895510815e+02  3.906887318e+05
1.264000000e+01  3.574146672e+05  -3.732414228e+03  3.611470815e+05  2.895895128e+02  3.903277795e+05
1.268000000e+01  3.574111443e+05  -3.814396250e+03  3.612255405e+05  2.896524260e+02  3.899811901e+05
1.272000000e+01  3.574067511e+05  -3.936493812e+03  3.613432449e+05  2.897468085e+02  3.896505270e+05
1.276000000e+01  3.574017132e+05  -4.106526000e+03  3.615082392e+05  2.898791109e+02  3.893809044e+05
1.280000000e+01  3.573972152e+05  -4.325666085e+03  3.617228813e+05  2.900512239e+02  3.893169337e+05
1.284000000e+01  3.573975519e+05  -4.568717616e+03  3.619662695e+05  2.902463872e+02  3.898543143e+05
1.288000000e+01  3.574160502e+05  -4.724414292e+03  3.621404645e+05  2.903860673e+02  3.920341224e+05
1.292000000e+01  3.574851323e+05  -4.448019469e+03  3.619331518e+05  2.902198314e+02  3.983784129e+05
1.296000000e+01  3.576242702e+05  -3.058478133e+03  3.606827484e+05  2.892171826e+02  4.129807781e+05
1.300000000e+01  3.576338207e+05  -7.024866379e+02  3.583363074e+05  2.873356646e+02  4.330487725e+05
1.304000000e+01  3.574158166e+05  2.182225227e+02  3.571975941e+05  2.864225756e+02  4.409266035e+05
1.308000000e+01  3.572857324e+05  -5.716699628e+02  3.578574024e+05  2.869516497e+02  4.340110304e+05
1.312000000e+01  3.572182626e+05  -2.434302361e+03  3.596525650e+05  2.883911194e+02  4.172941592e+05
1.316000000e+01  3.573152647e+05  -3.985376300e+03  3.613006410e+05  2.897126461e+02  4.017215779e+05
1.320000000e+01  3.574053023e+05  -4.488514905e+03  3.618938172e+05  2.901882906e+02  3.935106773e+05
1.324000000e+01  3.574394772e+05  -4.419376207e+03  3.618588534e+05  2.901602545e+02  3.901947879e+05
1.328000000e+01  3.574453939e+05  -4.188222831e+03  3.616336167e+05  2.899796461e+02  3.890640811e+05
1.332000000e+01  3.574417595e+05  -3.960739966e+03  3.614024994e+05  2.897943224e+02  3.887949190e+05
1.336000000e+01  3.574358848e+05  -3.785407979e+03  3.612212928e+05  2.896490200e+02  3.888440045e+05
1.340000000e+01  3.574301871e+05  -3.668845684e+03  3.610990328e+05  2.895509846e+02  3.890008300e+05
1.344000000e+01  3.574253547e+05  -3.604672730e+03  3.610300275e+05  2.894956519e+02  3.891904546e+05
1.348000000e+01  3.574215115e+05  -3.583304046e+03  3.610048155e+05  2.894754354e+02  3.893938244e+05
1.352000000e+01  3.574186089e+05  -3.595046862e+03  3.610136558e+05  2.894825241e+02  3.896151090e+05
1.356000000e+01  3.574165416e+05  -3.631050501e+03  3.610475921e+05  2.895097363e+02  3.898670405e+05
1.360000000e+01  3.574151588e+05  -3.683764173e+03  3.610989230e+05  2.895508964e+02  3.901624271e+05
1.364000000e+01  3.574142326e+05  -3.747526150e+03  3.611617588e+05  2.896012820e+02  3.905067505e+05
1.368000000e+01  3.574134046e+05  -3.819643171e+03  3.612330478e+05  2.896584458e+02  3.908895866e+05
1.372000000e+01  3.574121485e+05  -3.901928700e+03  3.613140772e+05  2.897234201e+02  3.912756394e+05
1.376000000e+01  3.574098128e+05  -4.002250172e+03  3.614120630e+05  2.898019910e+02  3.916001627e+05
1.380000000e+01  3.574057855e+05  -4.134959349e+03  3.615407449e+05  2.899051759e+02  3.917784204e+05
1.384000000e+01  3.573998475e+05  -4.318713609e+03  3.617185611e+05  2.900477597e+02  3.917415290e+05
1.388000000e+01  3.573928486e+05  -4.569239793e+03  3.619620884e+05  2.902430346e+02  3.915153799e+05
1.392000000e+01  3.573888806e+05  -4.878866918e+03  3.622677475e+05  2.904881305e+02  3.913958877e+05
1.396000000e+01  3.574038513e+05  -5.145912214e+03  3.625497635e+05  2.907142679e+02  3.924456813e+05
1.400000000e+01  3.574915786e+05  -4.926901933e+03  3.624184805e+05  2.906089973e+02  3.979827826e+05
1.404000000e+01  3.577124818e+05  -3.053740521e+03  3.607662223e+05  2.892841170e+02  4.152850728e+05
1.408000000e+01  3.575455355e+05  -3.222480745e+02  3.578677836e+05  2.869599740e+02  4.374726273e+05
1.412000000e+01  3.570454517e+05  -2.445623860e+03  3.594910756e+05  2.882616274e+02  4.248004542e+05
1.416000000e+01  3.572281695e+05  -5.420938673e+03  3.626491081e+05  2.907939284e+02  4.049580740e+05
1.420000000e+01  3.573669864e+05  -6.469409413e+03  3.638363958e+05  2.917459673e+02  3.978847742e+05
1.424000000e+01  3.573907209e+05  -6.866085504e+03  3.642568064e+05  2.920830779e+02  3.965728246e+05
1.428000000e+01  3.574008228e+05  -7.167739280e+03  3.645685620e+05  2.923330623e+02  3.975775196e+05
1.432000000e+01  3.574562004e+05  -7.145620667e+03  3.646018211e+05  2.923597314e+02  4.023263700e+05
1.436000000e+01  3.575433189e+05  -6.324306855e+03  3.638676257e+05  2.917710093e+02  4.133491749e+05
1.440000000e+01  3.575201224e+05  -5.123655536e+03  3.626437779e+05  2.907896543e+02  4.264933471e+05
1.444000000e+01  3.574546782e+05  -4.620781936e+03  3.620754602e+05  2.903339429e+02  4.335111859e+05
1.448000000e+01  3.574407275e+05  -4.304481111e+03  3.617452086e+05  2.900691273e+02  4.367695177e+05
1.452000000e+01  3.572638713e+05  -5.060375996e+03  3.623242473e+05  2.905334354e+02  4.302015941e+05
1.456000000e+01  3.572199184e+05  -7.112447157e+03  3.643323656e+05  2.921436658e+02  4.136813042e+05
1.460000000e+01  3.573187319e+05  -8.634737444e+03  3.659534694e+05  2.934435646e+02  4.008447758e+05
1.464000000e+01  3.574096056e+05  -9.169925186e+03  3.665795308e+05  2.939455784e+02  3.961352403e+05
1.468000000e+01  3.574951437e+05  -8.852339162e+03  3.663474829e+05  2.937595084e+02  3.991295647e+05
1.472000000e+01  3.575653598e+05  -7.700905497e+03  3.652662653e+05  2.928925229e+02  4.088987564e+05
1.476000000e+01  3.574812356e+05  -6.579044308e+03  3.640602799e+05  2.919254911e+02  4.181353382e+05
1.480000000e+01  3.573621602e+05  -6.816511415e+03  3.641786716e+05  2.920204247e+02  4.182796092e+05
1.484000000e+01  3.574417598e+05  -7.146435485e+03  3.645881953e+05  2.923488055e+02  4.171480579e+05
1.488000000e+01  3.575736787e+05  -6.208714376e+03  3.637823931e+05  2.917026647e+02  4.237413131e+05
1.492000000e+01  3.575450668e+05  -4.687147317e+03  3.622322141e+05  2.904596376e+02  4.326073171e+05
1.496000000e+01  3.573502985e+05  -4.581428484e+03  3.619317270e+05  2.902186889e+02  4.297086011e+05
1.500000000e+01  3.573030286e+05  -5.775193618e+03  3.630782222e+05  2.911380180e+02  4.161976646e+05
