8.000000000e-02  3.875427769e+05  -7.808739949e+01  3.876208643e+05  3.108177887e+02  4.288709856e+05
1.600000000e-01  3.875426392e+05  -8.033660836e+01  3.876229758e+05  3.108194818e+02  4.288658558e+05
2.400000000e-01  3.875424795e+05  -8.333776563e+01  3.876258173e+05  3.108217603e+02  4.288590381e+05
3.200000000e-01  3.875422853e+05  -8.723753091e+01  3.876295229e+05  3.108247317e+02  4.288501944e+05
4.000000000e-01  3.875420372e+05  -9.226499245e+01  3.876343022e+05  3.108285640e+02  4.288387971e+05
4.800000000e-01  3.875417040e+05  -9.877967386e+01  3.876404837e+05  3.108335207e+02  4.288240180e+05
5.600000000e-01  3.875412329e+05  -1.073583752e+02  3.876485912e+05  3.108400218e+02  4.288045272e+05
6.400000000e-01  3.875405299e+05  -1.189579500e+02  3.876594878e+05  3.108487594e+02  4.287781156e+05
7.200000000e-01  3.875394186e+05  -1.352356620e+02  3.876746543e+05  3.108609208e+02  4.287409571e+05
8.000000000e-01  3.875375465e+05  -1.592190817e+02  3.876967656e+05  3.108786509e+02  4.286860782e+05
8.800000000e-01  3.875341557e+05  -1.968098047e+02  3.877309655e+05  3.109060745e+02  4.286000085e+05
9.600000000e-01  3.875274876e+05  -2.604171562e+02  3.877879047e+05  3.109517318e+02  4.284551705e+05
1.040000000e+00  3.875132181e+05  -3.782091105e+02  3.878914272e+05  3.110347424e+02  4.281937860e+05
1.120000000e+00  3.874812346e+05  -6.163744435e+02  3.880976090e+05  3.112000714e+02  4.277161847e+05
1.200000000e+00  3.874239516e+05  -1.097697908e+03  3.885216495e+05  3.115400926e+02  4.271882218e+05
1.280000000e+00  3.876064175e+05  -1.427751026e+03  3.890341685e+05  3.119510613e+02  4.319512916e+05
1.360000000e+00  3.886730593e+05  3.004779986e+03  3.856682793e+05  3.092520883e+02  4.710196651e+05
1.440000000e+00  3.864392124e+05  -1.674343139e+03  3.881135556e+05  3.112128583e+02  4.363675171e+05
1.520000000e+00  3.874521766e+05  -3.347596144e+03  3.907997727e+05  3.133668292e+02  4.282570841e+05
1.600000000e+00  3.932351856e+05  8.545975976e+03  3.846892096e+05  3.084670111e+02  5.298212178e+05
1.680000000e+00  3.837849271e+05  1.584970761e+03  3.821999563e+05  3.064709777e+02  4.685544652e+05
1.760000000e+00  3.875703574e+05  -2.506435132e+03  3.900767925e+05  3.127871001e+02  4.278709695e+05
1.840000000e+00  3.876505143e+05  -1.843511332e+03  3.894940256e+05  3.123198024e+02  4.258138607e+05
1.920000000e+00  3.875346866e+05  -1.677536134e+03  3.892122228e+05  3.120938359e+02  4.259940648e+05
2.000000000e+00  3.875128359e+05  -1.869007353e+03  3.893818432e+05  3.122298478e+02  4.277595462e+05
2.080000000e+00  3.883605745e+05  -1.321995366e+02  3.884927741e+05  3.115169385e+02  4.475691408e+05
2.160000000e+00  3.866190595e+05  2.287934619e+03  3.843311249e+05  3.081798772e+02  4.643081440e+05
2.240000000e+00  3.872300792e+05  -2.016189580e+03  3.892462687e+05  3.121211360e+02  4.302411387e+05
2.320000000e+00  3.875771465e+05  -2.128540108e+03  3.897056866e+05  3.124895250e+02  4.256391453e+05
2.400000000e+00  3.875502784e+05  -2.022094554e+03  3.895723729e+05  3.123826260e+02  4.251872828e+05
2.480000000e+00  3.875131892e+05  -2.103572447e+03  3.896167616e+05  3.124182196e+02  4.250309001e+05
2.560000000e+00  3.874846427e+05  -2.347305500e+03  3.898319482e+05  3.125907691e+02  4.251038391e+05
2.640000000e+00  3.875088881e+05  -2.610635941e+03  3.901195241e+05  3.128213648e+02  4.269412844e+05
2.720000000e+00  3.877397104e+05  -2.180789740e+03  3.899205001e+05  3.126617754e+02  4.357326674e+05
2.800000000e+00  3.874459279e+05  -1.526256140e+03  3.889721840e+05  3.119013584e+02  4.442469702e+05
2.880000000e+00  3.870951265e+05  -3.674188607e+03  3.907693151e+05  3.133424065e+02  4.304636331e+05
2.960000000e+00  3.872885956e+05  -5.274645069e+03  3.925632407e+05  3.147808842e+02  4.230884122e+05
3.040000000e+00  3.889901828e+05  -3.364503004e+03  3.923546858e+05  3.146136524e+02  4.496004396e+05
3.120000000e+00  3.840855061e+05  -1.447525396e+03  3.855330315e+05  3.091436385e+02  4.610450854e+05
3.200000000e+00  3.875495025e+05  -6.242107272e+03  3.937916098e+05  3.157658646e+02  4.243124356e+05
3.280000000e+00  3.876247677e+05  -5.794580259e+03  3.934193479e+05  3.154673626e+02  4.230847435e+05
3.360000000e+00  3.876016430e+05  -5.513318472e+03  3.931149615e+05  3.152232872e+02  4.220158619e+05
3.440000000e+00  3.876131933e+05  -5.217484802e+03  3.928306781e+05  3.149953317e+02  4.212256135e+05
3.520000000e+00  3.876181651e+05  -4.876392957e+03  3.924945580e+05  3.147258103e+02  4.212065735e+05
3.600000000e+00  3.876130033e+05  -4.545059286e+03  3.921580626e+05  3.144559879e+02  4.218849383e+05
3.680000000e+00  3.876080520e+05  -4.242899003e+03  3.918509510e+05  3.142097273e+02  4.231556965e+05
3.760000000e+00  3.876058361e+05  -3.954594723e+03  3.915604308e+05  3.139767707e+02  4.248702515e+05
3.840000000e+00  3.875912996e+05  -3.707516767e+03  3.912988164e+05  3.137669925e+02  4.263389474e+05
3.920000000e+00  3.875610557e+05  -3.589127145e+03  3.911501829e+05  3.136478092e+02  4.264920649e+05
4.000000000e+00  3.875451900e+05  -3.588993482e+03  3.911341835e+05  3.136349800e+02  4.253719283e+05
4.080000000e+00  3.875472683e+05  -3.605470402e+03  3.911527387e+05  3.136498586e+02  4.240488517e+05
4.160000000e+00  3.875459166e+05  -3.614663542e+03  3.911605801e+05  3.136561463e+02  4.231278904e+05
4.240000000e+00  3.875337587e+05  -3.667569845e+03  3.912013285e+05  3.136888209e+02  4.226351199e+05
4.320000000e+00  3.875167201e+05  -3.801606114e+03  3.913183262e+05  3.137826367e+02  4.226315310e+05
4.400000000e+00  3.875236990e+05  -3.967236403e+03  3.914909354e+05  3.139210451e+02  4.238719287e+05
4.480000000e+00  3.876425603e+05  -3.798217898e+03  3.914407781e+05  3.138808260e+02  4.291077716e+05
4.560000000e+00  3.877108384e+05  -2.920413859e+03  3.906312523e+05  3.132316993e+02  4.390636511e+05
4.640000000e+00  3.872740865e+05  -3.511285901e+03  3.907853724e+05  3.133552822e+02  4.355855535e+05
4.720000000e+00  3.874441361e+05  -4.522868730e+03  3.919670049e+05  3.143027864e+02  4.279551490e+05
4.800000000e+00  3.876855416e+05  -4.268302178e+03  3.919538438e+05  3.142922330e+02  4.296260429e+05
4.880000000e+00  3.876556508e+05  -3.494222154e+03  3.911498729e+05  3.136475607e+02  4.337283814e+05
4.960000000e+00  3.875084377e+05  -3.552926854e+03  3.910613645e+05  3.135765893e+02  4.291807089e+05
5.040000000e+00  3.876194318e+05  -3.427983976e+03  3.910474158e+05  3.135654044e+02  4.248507481e+05
5.120000000e+00  3.876596656e+05  -2.923788037e+03  3.905834536e+05  3.131933715e+02  4.239538712e+05
5.200000000e+00  3.876425552e+05  -2.430759295e+03  3.900733145e+05  3.127843112e+02  4.242875281e+05
5.280000000e+00  3.876154481e+05  -2.064300776e+03  3.896797489e+05  3.124687265e+02  4.248006055e+05
5.360000000e+00  3.875915919e+05  -1.825167160e+03  3.894167590e+05  3.122578454e+02  4.252026143e+05
5.440000000e+00  3.875722873e+05  -1.690982102e+03  3.892632694e+05  3.121347682e+02  4.254445012e+05
5.520000000e+00  3.875519630e+05  -1.646970587e+03  3.891989336e+05  3.120831799e+02  4.255233611e+05
5.600000000e+00  3.875383405e+05  -1.708952917e+03  3.892472934e+05  3.121219577e+02  4.254164214e+05
5.680000000e+00  3.875258084e+05  -1.836220303e+03  3.893620287e+05  3.122139593e+02  4.252271136e+05
5.760000000e+00  3.875151836e+05  -2.021134561e+03  3.895363182e+05  3.123537152e+02  4.250414768e+05
5.840000000e+00  3.875105762e+05  -2.243818315e+03  3.897543945e+05  3.125285819e+02  4.250627533e+05
5.920000000e+00  3.875224491e+05  -2.444104315e+03  3.899665534e+05  3.126987037e+02  4.257283258e+05
6.000000000e+00  3.875583880e+05  -2.508637357e+03  3.900670253e+05  3.127792682e+02  4.275792578e+05
6.080000000e+00  3.875752730e+05  -2.419543160e+03  3.899948161e+05  3.127213665e+02  4.299030864e+05
6.160000000e+00  3.875296383e+05  -2.454293141e+03  3.899839315e+05  3.127126385e+02  4.298025161e+05
6.240000000e+00  3.875253607e+05  -2.630710868e+03  3.901560715e+05  3.128506708e+02  4.273211877e+05
6.320000000e+00  3.875551848e+05  -2.691966459e+03  3.902471513e+05  3.129237040e+02  4.252694112e+05
6.400000000e+00  3.875601174e+05  -2.672391741e+03  3.902325091e+05  3.129119630e+02  4.242596246e+05
6.480000000e+00  3.874954630e+05  -2.856604379e+03  3.903520674e+05  3.130078321e+02  4.237070825e+05
6.560000000e+00  3.874764337e+05  -3.237294825e+03  3.907137285e+05  3.132978338e+02  4.231789218e+05
6.640000000e+00  3.874521372e+05  -3.729538442e+03  3.911816756e+05  3.136730620e+02  4.225956839e+05
6.720000000e+00  3.874281217e+05  -4.348492777e+03  3.917766145e+05  3.141501199e+02  4.223664930e+05
6.800000000e+00  3.874496701e+05  -4.982832663e+03  3.924325027e+05  3.146760506e+02  4.243094149e+05
6.880000000e+00  3.876120010e+05  -5.078782234e+03  3.926907833e+05  3.148831555e+02  4.335577409e+05
6.960000000e+00  3.881629646e+05  -3.742351258e+03  3.919053158e+05  3.142533204e+02  4.562491522e+05
7.040000000e+00  3.859948289e+05  -2.058755065e+03  3.880535839e+05  3.111647694e+02  4.707154199e+05
7.120000000e+00  3.875355513e+05  -6.939687378e+03  3.944752387e+05  3.163140395e+02  4.358485072e+05
7.200000000e+00  3.879349022e+05  -5.164233466e+03  3.930991357e+05  3.152105971e+02  4.460008090e+05
7.280000000e+00  3.873412459e+05  -5.002521691e+03  3.923437676e+05  3.146048974e+02  4.403026909e+05
7.360000000e+00  3.875390499e+05  -5.840901324e+03  3.933799512e+05  3.154357720e+02  4.253069771e+05
7.440000000e+00  3.876892347e+05  -5.392894610e+03  3.930821293e+05  3.151969604e+02  4.212337909e+05
7.520000000e+00  3.876161687e+05  -4.998245553e+03  3.926144142e+05  3.148219182e+02  4.207882054e+05
7.600000000e+00  3.875891101e+05  -4.964312169e+03  3.925534223e+05  3.147730112e+02  4.229628340e+05
7.680000000e+00  3.886374676e+05  -2.411158213e+03  3.910486258e+05  3.135663746e+02  4.485947156e+05
7.760000000e+00  3.862046577e+05  -2.296666357e+03  3.885013240e+05  3.115237944e+02  4.499264344e+05
7.840000000e+00  3.885763251e+05  -3.307332398e+03  3.918836575e+05  3.142359534e+02  4.468773698e+05
7.920000000e+00  3.855640909e+05  3.921410755e+02  3.851719498e+05  3.088541014e+02  4.668104831e+05
8.000000000e+00  3.873982747e+05  -5.058328447e+03  3.924566031e+05  3.146953758e+02  4.241291177e+05
8.080000000e+00  3.876602278e+05  -4.790521497e+03  3.924507493e+05  3.146906818e+02  4.240389945e+05
8.160000000e+00  3.877637770e+05  -4.097384000e+03  3.918611610e+05  3.142179143e+02  4.315175284e+05
8.240000000e+00  3.876577603e+05  -3.207700451e+03  3.908654607e+05  3.134195018e+02  4.397659280e+05
8.320000000e+00  3.874162600e+05  -3.758381437e+03  3.911746414e+05  3.136674216e+02  4.344439194e+05
8.400000000e+00  3.875458147e+05  -4.156722808e+03  3.917025375e+05  3.140907204e+02  4.282254050e+05
8.480000000e+00  3.875903564e+05  -4.132910323e+03  3.917232667e+05  3.141073424e+02  4.250690087e+05
8.560000000e+00  3.875856109e+05  -4.065093217e+03  3.916507041e+05  3.140491573e+02  4.233214687e+05
8.640000000e+00  3.875591213e+05  -4.097019622e+03  3.916561409e+05  3.140535169e+02  4.222939656e+05
8.720000000e+00  3.875194790e+05  -4.312330427e+03  3.918318094e+05  3.141943785e+02  4.216510581e+05
8.800000000e+00  3.874773714e+05  -4.742751964e+03  3.922201233e+05  3.145057520e+02  4.216332084e+05
8.880000000e+00  3.875045886e+05  -5.227116715e+03  3.927317053e+05  3.149159693e+02  4.244544319e+05
8.960000000e+00  3.877426413e+05  -4.898181549e+03  3.926408228e+05  3.148430942e+02  4.371101144e+05
9.040000000e+00  3.879320360e+05  -4.124533318e+03  3.920565693e+05  3.143746045e+02  4.574010549e+05
9.120000000e+00  3.842595182e+05  3.389359698e+03  3.808701585e+05  3.054046656e+02  5.102034019e+05
9.200000000e+00  3.873173478e+05  -7.648002016e+03  3.949653499e+05  3.167070402e+02  4.332654156e+05
9.280000000e+00  3.882293816e+05  -6.027335731e+03  3.942567174e+05  3.161388159e+02  4.465901682e+05
9.360000000e+00  3.871304859e+05  -4.912183277e+03  3.920426692e+05  3.143634586e+02  4.535875666e+05
9.440000000e+00  3.872137874e+05  -7.536499770e+03  3.947502872e+05  3.165345900e+02  4.301952787e+05
9.520000000e+00  3.877418820e+05  -7.859275233e+03  3.956011572e+05  3.172168689e+02  4.267345434e+05
9.600000000e+00  3.887533392e+05  -3.232634367e+03  3.919859736e+05  3.143179966e+02  4.639340242e+05
9.680000000e+00  3.872877926e+05  -5.002562970e+03  3.922903555e+05  3.145620684e+02  4.535664209e+05
9.760000000e+00  3.868507864e+05  -5.015989697e+03  3.918667761e+05  3.142224169e+02  4.490585430e+05
9.840000000e+00  3.878554530e+05  -6.234143659e+03  3.940895966e+05  3.160048085e+02  4.352045073e+05
9.920000000e+00  3.876377113e+05  -4.683772308e+03  3.923214836e+05  3.145870288e+02  4.404100193e+05
1.000000000e+01  3.874253871e+05  -5.570478072e+03  3.929958651e+05  3.151277886e+02  4.286444096e+05
1.008000000e+01  3.876086644e+05  -5.684962315e+03  3.932936267e+05  3.153665518e+02  4.248492548e+05
1.016000000e+01  3.878589154e+05  -4.958281088e+03  3.928171965e+05  3.149845213e+02  4.315296457e+05
1.024000000e+01  3.880415647e+05  -2.190205432e+03  3.902317701e+05  3.129113705e+02  4.522427792e+05
1.032000000e+01  3.871030994e+05  -3.915022903e+03  3.910181224e+05  3.135419151e+02  4.346253825e+05
1.040000000e+01  3.876266403e+05  -4.424804441e+03  3.920514448e+05  3.143704954e+02  4.243627189e+05
1.048000000e+01  3.876456904e+05  -4.045273846e+03  3.916909642e+05  3.140814403e+02  4.227341316e+05
1.056000000e+01  3.875667849e+05  -3.948621412e+03  3.915154064e+05  3.139406674e+02  4.222152214e+05
1.064000000e+01  3.874779840e+05  -4.298044015e+03  3.917760280e+05  3.141496496e+02  4.221507525e+05
1.072000000e+01  3.877489959e+05  -4.377132070e+03  3.921261280e+05  3.144303808e+02  4.301728450e+05
1.080000000e+01  3.888467529e+05  1.309066367e+03  3.875376866e+05  3.107510918e+02  4.808984767e+05
1.088000000e+01  3.876413862e+05  -4.714167955e+01  3.876885279e+05  3.108720455e+02  4.727913536e+05
1.096000000e+01  3.866187052e+05  -3.683765820e+03  3.903024710e+05  3.129680627e+02  4.392862586e+05
1.104000000e+01  3.876291925e+05  -4.801685837e+03  3.924308783e+05  3.146747481e+02  4.260039393e+05
1.112000000e+01  3.879109309e+05  -3.675194645e+03  3.915861255e+05  3.139973743e+02  4.330994024e+05
1.120000000e+01  3.876357176e+05  -2.357607545e+03  3.899933252e+05  3.127201709e+02  4.409180464e+05
1.128000000e+01  3.874112618e+05  -3.265907499e+03  3.906771693e+05  3.132685184e+02  4.298092627e+05
1.136000000e+01  3.876234545e+05  -3.354109436e+03  3.909775639e+05  3.135093929e+02  4.243440969e+05
1.144000000e+01  3.876233526e+05  -3.092044560e+03  3.907153972e+05  3.132991718e+02  4.234321541e+05
1.152000000e+01  3.875751714e+05  -3.022663404e+03  3.905978349e+05  3.132049033e+02  4.233847012e+05
1.160000000e+01  3.875355203e+05  -3.176915960e+03  3.907124362e+05  3.132967975e+02  4.235524241e+05
1.168000000e+01  3.875246001e+05  -3.450995514e+03  3.909755956e+05  3.135078146e+02  4.244087079e+05
1.176000000e+01  3.875984889e+05  -3.556328368e+03  3.911548172e+05  3.136515253e+02  4.278216797e+05
1.184000000e+01  3.877943848e+05  -2.849023566e+03  3.906434084e+05  3.132414469e+02  4.371318246e+05
1.192000000e+01  3.874702493e+05  -2.468831539e+03  3.899390809e+05  3.126766746e+02  4.407146524e+05
1.200000000e+01  3.873970412e+05  -3.558529247e+03  3.909555705e+05  3.134917572e+02  4.307999301e+05
1.208000000e+01  3.875780841e+05  -3.851208903e+03  3.914292930e+05  3.138716165e+02  4.259550285e+05
1.216000000e+01  3.876128721e+05  -3.716737353e+03  3.913296094e+05  3.137916842e+02  4.250901957e+05
1.224000000e+01  3.875935294e+05  -3.603330349e+03  3.911968597e+05  3.136852375e+02  4.250629511e+05
1.232000000e+01  3.875615183e+05  -3.634059329e+03  3.911955776e+05  3.136842095e+02  4.247062917e+05
1.240000000e+01  3.875292843e+05  -3.827907428e+03  3.913571917e+05  3.138138014e+02  4.239342186e+05
1.248000000e+01  3.875000180e+05  -4.176132542e+03  3.916761506e+05  3.140695618e+02  4.233439753e+05
1.256000000e+01  3.875027599e+05  -4.600622621e+03  3.921033825e+05  3.144121421e+02  4.245643615e+05
1.264000000e+01  3.876516298e+05  -4.624978480e+03  3.922766083e+05  3.145510450e+02  4.323089730e+05
1.272000000e+01  3.887263399e+05  -1.900103865e+03  3.906264437e+05  3.132278436e+02  4.628145939e+05
1.280000000e+01  3.854118138e+05  -8.569106969e+02  3.862687245e+05  3.097335614e+02  4.672910579e+05
1.288000000e+01  3.872844814e+05  -6.431799818e+03  3.937162812e+05  3.157054616e+02  4.234746762e+05
1.296000000e+01  3.875156051e+05  -6.832942889e+03  3.943485480e+05  3.162124513e+02  4.191065049e+05
1.304000000e+01  3.874855667e+05  -7.314713027e+03  3.948002797e+05  3.165746770e+02  4.218114652e+05
1.312000000e+01  3.878532111e+05  -6.932029620e+03  3.947852408e+05  3.165626179e+02  4.375355079e+05
1.320000000e+01  3.881068657e+05  -4.056992963e+03  3.921638586e+05  3.144606356e+02  4.707001049e+05
1.328000000e+01  3.869099808e+05  -5.265218525e+03  3.921751993e+05  3.144697292e+02  4.637490907e+05
1.336000000e+01  3.877324484e+05  -6.918354687e+03  3.946508031e+05  3.164548177e+02  4.463440208e+05
1.344000000e+01  3.875773219e+05  -5.149278247e+03  3.927266001e+05  3.149118757e+02  4.486378688e+05
1.352000000e+01  3.874027367e+05  -6.679715931e+03  3.940824526e+05  3.159990800e+02  4.270464511e+05
1.360000000e+01  3.877150155e+05  -6.393571538e+03  3.941085870e+05  3.160200361e+02  4.211790537e+05
1.368000000e+01  3.877768076e+05  -5.549899996e+03  3.933267076e+05  3.153930780e+02  4.236661228e+05
1.376000000e+01  3.878659417e+05  -4.287021611e+03  3.921529633e+05  3.144518990e+02  4.315968453e+05
1.384000000e+01  3.875833199e+05  -3.613350105e+03  3.911966700e+05  3.136850854e+02  4.337410765e+05
1.392000000e+01  3.875405223e+05  -3.965816195e+03  3.915063385e+05  3.139333963e+02  4.267238182e+05
1.400000000e+01  3.876433857e+05  -3.837732999e+03  3.914811187e+05  3.139131735e+02  4.232665825e+05
1.408000000e+01  3.876345200e+05  -3.555396849e+03  3.911899169e+05  3.136796703e+02  4.225159493e+05
1.416000000e+01  3.875700885e+05  -3.504802799e+03  3.910748913e+05  3.135874359e+02  4.223292184e+05
1.424000000e+01  3.875137334e+05  -3.816536121e+03  3.913302695e+05  3.137922135e+02  4.232439069e+05
1.432000000e+01  3.891018878e+05  -1.125682984e+03  3.902275708e+05  3.129080032e+02  4.524250263e+05
1.440000000e+01  3.845685487e+05  1.096824269e+03  3.834717244e+05  3.074907581e+02  4.642586894e+05
1.448000000e+01  3.874819339e+05  -4.133904125e+03  3.916158380e+05  3.140211996e+02  4.246321537e+05
1.456000000e+01  3.876007625e+05  -4.054241657e+03  3.916550041e+05  3.140526054e+02  4.229924425e+05
1.464000000e+01  3.874985553e+05  -4.349164776e+03  3.918477201e+05  3.142071367e+02  4.227560918e+05
1.472000000e+01  3.874144275e+05  -5.127236470e+03  3.925416639e+05  3.147635826e+02  4.227750615e+05
1.480000000e+01  3.879053376e+05  -5.134569700e+03  3.930399073e+05  3.151631042e+02  4.343514056e+05
1.488000000e+01  3.875693429e+05  -7.018253710e+02  3.882711683e+05  3.113392417e+02  4.748993264e+05
1.496000000e+01  3.871378651e+05  -6.585137258e+03  3.937230024e+05  3.157108511e+02  4.402759919e+05
