2.000000000e-02  3.405426399e+05  -7.673166152e+01  3.406193715e+05  2.731291569e+02  3.768407301e+05
4.000000000e-02  3.405426382e+05  -7.702184274e+01  3.406196600e+05  2.731293882e+02  3.768400879e+05
6.000000000e-02  3.405426365e+05  -7.734557255e+01  3.406199821e+05  2.731296464e+02  3.768393715e+05
8.000000000e-02  3.405426348e+05  -7.770326072e+01  3.406203381e+05  2.731299319e+02  3.768385800e+05
1.000000000e-01  3.405426331e+05  -7.809538803e+01  3.406207285e+05  2.731302449e+02  3.768377122e+05
1.200000000e-01  3.405426313e+05  -7.852250831e+01  3.406211538e+05  2.731305860e+02  3.768367670e+05
1.400000000e-01  3.405426295e+05  -7.898525078e+01  3.406216148e+05  2.731309556e+02  3.768357430e+05
1.600000000e-01  3.405426277e+05  -7.948432298e+01  3.406221120e+05  2.731313543e+02  3.768346386e+05
1.800000000e-01  3.405426258e+05  -8.002051409e+01  3.406226463e+05  2.731317828e+02  3.768334521e+05
2.000000000e-01  3.405426239e+05  -8.059469882e+01  3.406232186e+05  2.731322417e+02  3.768321815e+05
2.200000000e-01  3.405426219e+05  -8.120784179e+01  3.406238297e+05  2.731327317e+02  3.768308247e+05
2.400000000e-01  3.405426199e+05  -8.186100264e+01  3.406244809e+05  2.731332538e+02  3.768293794e+05
2.600000000e-01  3.405426178e+05  -8.255534163e+01  3.406251731e+05  2.731338089e+02  3.768278430e+05
2.800000000e-01  3.405426156e+05  -8.329212613e+01  3.406259078e+05  2.731343980e+02  3.768262127e+05
3.000000000e-01  3.405426134e+05  -8.407273771e+01  3.406266861e+05  2.731350222e+02  3.768244855e+05
3.200000000e-01  3.405426111e+05  -8.489868027e+01  3.406275098e+05  2.731356826e+02  3.768226579e+05
3.400000000e-01  3.405426087e+05  -8.577158892e+01  3.406283803e+05  2.731363806e+02  3.768207265e+05
3.600000000e-01  3.405426062e+05  -8.669324005e+01  3.406292995e+05  2.731371177e+02  3.768186873e+05
3.800000000e-01  3.405426036e+05  -8.766556242e+01  3.406302692e+05  2.731378953e+02  3.768165360e+05
4.000000000e-01  3.405426009e+05  -8.869064961e+01  3.406312916e+05  2.731387151e+02  3.768142679e+05
4.200000000e-01  3.405425981e+05  -8.977077379e+01  3.406323689e+05  2.731395790e+02  3.768118782e+05
4.400000000e-01  3.405425952e+05  -9.090840113e+01  3.406335036e+05  2.731404888e+02  3.768093613e+05
4.600000000e-01  3.405425921e+05  -9.210620897e+01  3.406346983e+05  2.731414468e+02  3.768067113e+05
4.800000000e-01  3.405425889e+05  -9.336710488e+01  3.406359560e+05  2.731424553e+02  3.768039218e+05
5.000000000e-01  3.405425855e+05  -9.469424814e+01  3.406372798e+05  2.731435168e+02  3.768009859e+05
5.200000000e-01  3.405425819e+05  -9.609107360e+01  3.406386730e+05  2.731446340e+02  3.767978958e+05
5.400000000e-01  3.405425782e+05  -9.756131858e+01  3.406401395e+05  2.731458099e+02  3.767946435e+05
5.600000000e-01  3.405425742e+05  -9.910905303e+01  3.406416832e+05  2.731470477e+02  3.767912198e+05
5.800000000e-01  3.405425700e+05  -1.007387135e+02  3.406433087e+05  2.731483511e+02  3.767876151e+05
6.000000000e-01  3.405425655e+05  -1.024551417e+02  3.406450207e+05  2.731497239e+02  3.767838186e+05
6.200000000e-01  3.405425608e+05  -1.042636279e+02  3.406468244e+05  2.731511702e+02  3.767798187e+05
6.400000000e-01  3.405425557e+05  -1.061699603e+02  3.406487257e+05  2.731526948e+02  3.767756026e+05
6.600000000e-01  3.405425504e+05  -1.081804820e+02  3.406507308e+05  2.731543027e+02  3.767711563e+05
6.800000000e-01  3.405425446e+05  -1.103021548e+02  3.406528468e+05  2.731559993e+02  3.767664645e+05
7.000000000e-01  3.405425385e+05  -1.125426335e+02  3.406550811e+05  2.731577910e+02  3.767615104e+05
7.200000000e-01  3.405425319e+05  -1.149103516e+02  3.406574423e+05  2.731596843e+02  3.767562752e+05
7.400000000e-01  3.405425248e+05  -1.174146193e+02  3.406599395e+05  2.731616867e+02  3.767507387e+05
7.600000000e-01  3.405425172e+05  -1.200657377e+02  3.406625830e+05  2.731638064e+02  3.767448780e+05
7.800000000e-01  3.405425090e+05  -1.228751325e+02  3.406653842e+05  2.731660526e+02  3.767386681e+05
8.000000000e-01  3.405425001e+05  -1.258555091e+02  3.406683557e+05  2.731684353e+02  3.767320810e+05
8.200000000e-01  3.405424905e+05  -1.290210351e+02  3.406715116e+05  2.731709659e+02  3.767250857e+05
8.400000000e-01  3.405424801e+05  -1.323875558e+02  3.406748676e+05  2.731736570e+02  3.767176473e+05
8.600000000e-01  3.405424687e+05  -1.359728485e+02  3.406784415e+05  2.731765227e+02  3.767097270e+05
8.800000000e-01  3.405424562e+05  -1.397969255e+02  3.406822531e+05  2.731795791e+02  3.767012807e+05
9.000000000e-01  3.405424425e+05  -1.438823957e+02  3.406863249e+05  2.731828441e+02  3.766922592e+05
9.200000000e-01  3.405424275e+05  -1.482548989e+02  3.406906824e+05  2.731863382e+02  3.766826062e+05
9.400000000e-01  3.405424109e+05  -1.529436296e+02  3.406953546e+05  2.731900846e+02  3.766722581e+05
9.600000000e-01  3.405423926e+05  -1.579819725e+02  3.407003745e+05  2.731941100e+02  3.766611421e+05
9.800000000e-01  3.405423721e+05  -1.634082787e+02  3.407057804e+05  2.731984447e+02  3.766491747e+05
1.000000000e+00  3.405423494e+05  -1.692668168e+02  3.407116162e+05  2.732031242e+02  3.766362596e+05
1.020000000e+00  3.405423238e+05  -1.756089501e+02  3.407179328e+05  2.732081892e+02  3.766222856e+05
1.040000000e+00  3.405422950e+05  -1.824945985e+02  3.407247896e+05  2.732136875e+02  3.766071229e+05
1.060000000e+00  3.405422625e+05  -1.899940720e+02  3.407322565e+05  2.732196749e+02  3.765906197e+05
1.080000000e+00  3.405422254e+05  -1.981903829e+02  3.407404158e+05  2.732262174e+02  3.765725975e+05
1.100000000e+00  3.405421829e+05  -2.071821891e+02  3.407493651e+05  2.732333936e+02  3.765528445e+05
1.120000000e+00  3.405421340e+05  -2.170875696e+02  3.407592216e+05  2.732412971e+02  3.765311085e+05
1.140000000e+00  3.405420773e+05  -2.280489100e+02  3.407701262e+05  2.732500411e+02  3.765070865e+05
1.160000000e+00  3.405420111e+05  -2.402392834e+02  3.407822504e+05  2.732597630e+02  3.764804123e+05
1.180000000e+00  3.405419332e+05  -2.538708588e+02  3.407958040e+05  2.732706311e+02  3.764506396e+05
1.200000000e+00  3.405418407e+05  -2.692060863e+02  3.408110468e+05  2.732828537e+02  3.764172209e+05
1.220000000e+00  3.405417300e+05  -2.865727130e+02  3.408283027e+05  2.732966905e+02  3.763794787e+05
1.240000000e+00  3.405415961e+05  -3.063841168e+02  3.408479802e+05  2.733124691e+02  3.763365689e+05
1.260000000e+00  3.405414326e+05  -3.291670658e+02  3.408705996e+05  2.733306067e+02  3.762874327e+05
1.280000000e+00  3.405412307e+05  -3.555998662e+02  3.408968306e+05  2.733516403e+02  3.762307348e+05
1.300000000e+00  3.405409787e+05  -3.865650213e+02  3.409275438e+05  2.733762679e+02  3.761647869e+05
1.320000000e+00  3.405406606e+05  -4.232219808e+02  3.409638826e+05  2.734054066e+02  3.760874569e+05
1.340000000e+00  3.405402547e+05  -4.671071073e+02  3.410073618e+05  2.734402708e+02  3.759960800e+05
1.360000000e+00  3.405397313e+05  -5.202687961e+02  3.410600001e+05  2.734824794e+02  3.758874070e+05
1.380000000e+00  3.405390512e+05  -5.854432178e+02  3.411244945e+05  2.735341949e+02  3.757577000e+05
1.400000000e+00  3.405381645e+05  -6.662632342e+02  3.412044278e+05  2.735982902e+02  3.756032436e+05
1.420000000e+00  3.405370139e+05  -7.674499918e+02  3.413044639e+05  2.736785053e+02  3.754219378e+05
1.440000000e+00  3.405355531e+05  -8.948097217e+02  3.414303628e+05  2.737794586e+02  3.752176319e+05
1.460000000e+00  3.405338076e+05  -1.054498314e+03  3.415883060e+05  2.739061069e+02  3.750113632e+05
1.480000000e+00  3.405320593e+05  -1.250002661e+03  3.417820619e+05  2.740614722e+02  3.748702107e+05
1.500000000e+00  3.405313802e+05  -1.472416575e+03  3.420037968e+05  2.742392725e+02  3.749819394e+05
1.520000000e+00  3.405351547e+05  -1.671472887e+03  3.422066276e+05  2.744019145e+02  3.758505161e+05
1.540000000e+00  3.405531936e+05  -1.673163177e+03  3.422263568e+05  2.744177346e+02  3.788055577e+05
1.560000000e+00  3.406104784e+05  -9.683693842e+02  3.415788478e+05  2.738985228e+02  3.872158582e+05
1.580000000e+00  3.407449598e+05  1.630233679e+03  3.391147261e+05  2.719226414e+02  4.082040306e+05
1.600000000e+00  3.408704954e+05  7.228351199e+03  3.336421442e+05  2.675343952e+02  4.471722166e+05
1.620000000e+00  3.405837470e+05  1.158254348e+04  3.290012035e+05  2.638130090e+02  4.759942862e+05
1.640000000e+00  3.402228481e+05  7.807404945e+03  3.324154432e+05  2.665507523e+02  4.518410146e+05
1.660000000e+00  3.403083855e+05  1.804339088e+03  3.385040464e+05  2.714329616e+02  4.113515207e+05
1.680000000e+00  3.404527355e+05  -1.272852468e+03  3.417255880e+05  2.740161880e+02  3.881483164e+05
1.700000000e+00  3.405190884e+05  -2.277735064e+03  3.427968235e+05  2.748751692e+02  3.785434291e+05
1.720000000e+00  3.405408983e+05  -2.479419010e+03  3.430203173e+05  2.750543800e+02  3.750086527e+05
1.740000000e+00  3.405460009e+05  -2.446901228e+03  3.429929021e+05  2.750323969e+02  3.738257167e+05
1.760000000e+00  3.405457628e+05  -2.378145694e+03  3.429239085e+05  2.749770736e+02  3.735123517e+05
1.780000000e+00  3.405441518e+05  -2.331856292e+03  3.428760081e+05  2.749386642e+02  3.735040345e+05
1.800000000e+00  3.405424361e+05  -2.319906612e+03  3.428623427e+05  2.749277064e+02  3.735875551e+05
1.820000000e+00  3.405409573e+05  -2.340035911e+03  3.428809933e+05  2.749426616e+02  3.736832646e+05
1.840000000e+00  3.405397590e+05  -2.386812242e+03  3.429265713e+05  2.749792088e+02  3.737628520e+05
1.860000000e+00  3.405388064e+05  -2.454945093e+03  3.429937515e+05  2.750330779e+02  3.738188268e+05
1.880000000e+00  3.405380632e+05  -2.539923072e+03  3.430779863e+05  2.751006224e+02  3.738541703e+05
1.900000000e+00  3.405375171e+05  -2.637733918e+03  3.431752510e+05  2.751786152e+02  3.738800405e+05
1.920000000e+00  3.405371866e+05  -2.744296987e+03  3.432814835e+05  2.752637988e+02  3.739166130e+05
1.940000000e+00  3.405371204e+05  -2.854843201e+03  3.433919637e+05  2.753523885e+02  3.739948519e+05
1.960000000e+00  3.405373934e+05  -2.963348076e+03  3.435007414e+05  2.754396131e+02  3.741580068e+05
1.980000000e+00  3.405380949e+05  -3.062114667e+03  3.436002095e+05  2.755193726e+02  3.744618167e+05
2.000000000e+00  3.405393058e+05  -3.141690384e+03  3.436809962e+05  2.755841522e+02  3.749719705e+05
2.020000000e+00  3.405410502e+05  -3.191491696e+03  3.437325419e+05  2.756254846e+02  3.757563556e+05
2.040000000e+00  3.405432106e+05  -3.201758212e+03  3.437449688e+05  2.756354493e+02  3.768684262e+05
2.060000000e+00  3.405454171e+05  -3.167524437e+03  3.437129415e+05  2.756097679e+02  3.783182840e+05
2.080000000e+00  3.405469743e+05  -3.094596794e+03  3.436415711e+05  2.755525388e+02  3.800334365e+05
2.100000000e+00  3.405469785e+05  -3.005310652e+03  3.435522892e+05  2.754809471e+02  3.818258120e+05
2.120000000e+00  3.405447753e+05  -2.938524511e+03  3.434832998e+05  2.754256273e+02  3.834017211e+05
2.140000000e+00  3.405406393e+05  -2.937559723e+03  3.434781990e+05  2.754215372e+02  3.844530875e+05
2.160000000e+00  3.405361131e+05  -3.026929647e+03  3.435630427e+05  2.754895700e+02  3.848192749e+05
2.180000000e+00  3.405334815e+05  -3.190991931e+03  3.437244734e+05  2.756190148e+02  3.846295377e+05
2.200000000e+00  3.405347143e+05  -3.370029331e+03  3.439047436e+05  2.757635664e+02  3.843226931e+05
2.220000000e+00  3.405407682e+05  -3.474967674e+03  3.440157359e+05  2.758525667e+02  3.845340168e+05
2.240000000e+00  3.405513856e+05  -3.410015936e+03  3.439614015e+05  2.758089981e+02  3.859186495e+05
2.260000000e+00  3.405644569e+05  -3.101979176e+03  3.436664361e+05  2.755724770e+02  3.889271948e+05
2.280000000e+00  3.405744323e+05  -2.553037344e+03  3.431274697e+05  2.751403013e+02  3.934460437e+05
2.300000000e+00  3.405723706e+05  -1.916217013e+03  3.424885877e+05  2.746280071e+02  3.983373333e+05
2.320000000e+00  3.405531889e+05  -1.501945388e+03  3.420551343e+05  2.742804381e+02  4.014703515e+05
2.340000000e+00  3.405261968e+05  -1.581553477e+03  3.421077503e+05  2.743226287e+02  4.010455121e+05
2.360000000e+00  3.405094878e+05  -2.119721446e+03  3.426292093e+05  2.747407660e+02  3.973208697e+05
2.380000000e+00  3.405111150e+05  -2.799350523e+03  3.433104655e+05  2.752870383e+02  3.924499206e+05
2.400000000e+00  3.405258159e+05  -3.294743617e+03  3.438205595e+05  2.756960625e+02  3.887039532e+05
2.420000000e+00  3.405455764e+05  -3.431298355e+03  3.439768748e+05  2.758214055e+02  3.873626366e+05
2.440000000e+00  3.405646822e+05  -3.170992797e+03  3.437356750e+05  2.756279969e+02  3.887182902e+05
2.460000000e+00  3.405773055e+05  -2.585097296e+03  3.431624028e+05  2.751683127e+02  3.922227483e+05
2.480000000e+00  3.405758787e+05  -1.881960715e+03  3.424578394e+05  2.746033513e+02  3.963552556e+05
2.500000000e+00  3.405572377e+05  -1.391979520e+03  3.419492172e+05  2.741955073e+02  3.988134358e+05
2.520000000e+00  3.405312984e+05  -1.378316150e+03  3.419096146e+05  2.741637516e+02  3.978029193e+05
2.540000000e+00  3.405144542e+05  -1.810604500e+03  3.423250587e+05  2.744968797e+02  3.935100931e+05
2.560000000e+00  3.405128167e+05  -2.417693442e+03  3.429305102e+05  2.749823672e+02  3.877687391e+05
2.580000000e+00  3.405205619e+05  -2.944436010e+03  3.434649979e+05  2.754109517e+02  3.823926436e+05
2.600000000e+00  3.405301058e+05  -3.286716832e+03  3.438168227e+05  2.756930661e+02  3.782413587e+05
2.620000000e+00  3.405375733e+05  -3.455933647e+03  3.439935070e+05  2.758347422e+02  3.753849488e+05
2.640000000e+00  3.405422044e+05  -3.505275189e+03  3.440474795e+05  2.758780206e+02  3.735597596e+05
2.660000000e+00  3.405445267e+05  -3.487092100e+03  3.440316188e+05  2.758653026e+02  3.724567521e+05
2.680000000e+00  3.405452938e+05  -3.439718917e+03  3.439850128e+05  2.758279310e+02  3.718276577e+05
2.700000000e+00  3.405451202e+05  -3.387587147e+03  3.439327074e+05  2.757859894e+02  3.715007452e+05
2.720000000e+00  3.405444310e+05  -3.344826265e+03  3.438892573e+05  2.757511485e+02  3.713675520e+05
2.740000000e+00  3.405435057e+05  -3.318664309e+03  3.438621700e+05  2.757294282e+02  3.713661008e+05
2.760000000e+00  3.405425338e+05  -3.311756062e+03  3.438542899e+05  2.757231095e+02  3.714681716e+05
2.780000000e+00  3.405416619e+05  -3.323477911e+03  3.438651398e+05  2.757318097e+02  3.716716704e+05
2.800000000e+00  3.405410294e+05  -3.350402488e+03  3.438914319e+05  2.757528922e+02  3.719973866e+05
2.820000000e+00  3.405407971e+05  -3.386134535e+03  3.439269316e+05  2.757813581e+02  3.724891819e+05
2.840000000e+00  3.405411674e+05  -3.420657773e+03  3.439618252e+05  2.758093378e+02  3.732165330e+05
2.860000000e+00  3.405423892e+05  -3.439416492e+03  3.439818057e+05  2.758253594e+02  3.742776357e+05
2.880000000e+00  3.405447247e+05  -3.422645858e+03  3.439673706e+05  2.758137845e+02  3.757992814e+05
2.900000000e+00  3.405483392e+05  -3.346092114e+03  3.438944313e+05  2.757552974e+02  3.779258658e+05
2.920000000e+00  3.405530700e+05  -3.185153395e+03  3.437382234e+05  2.756300404e+02  3.807850318e+05
2.940000000e+00  3.405581143e+05  -2.924696162e+03  3.434828105e+05  2.754252349e+02  3.844178493e+05
2.960000000e+00  3.405619307e+05  -2.573672997e+03  3.431356037e+05  2.751468236e+02  3.886835533e+05
2.980000000e+00  3.405629462e+05  -2.174303491e+03  3.427372497e+05  2.748273993e+02  3.932080019e+05
3.000000000e+00  3.405611947e+05  -1.786381730e+03  3.423475764e+05  2.745149358e+02  3.974968563e+05
3.020000000e+00  3.405591302e+05  -1.442717452e+03  3.420018477e+05  2.742377096e+02  4.012279769e+05
3.040000000e+00  3.405590520e+05  -1.122164113e+03  3.416812161e+05  2.739806079e+02  4.044241948e+05
3.060000000e+00  3.405584854e+05  -7.997838366e+02  3.413582693e+05  2.737216497e+02  4.071226479e+05
3.080000000e+00  3.405504860e+05  -5.556598850e+02  3.411061459e+05  2.735194819e+02  4.087137418e+05
3.100000000e+00  3.405324455e+05  -5.818537793e+02  3.411142993e+05  2.735260198e+02  4.079313998e+05
3.120000000e+00  3.405130821e+05  -1.004246313e+03  3.415173284e+05  2.738491928e+02  4.040084585e+05
3.140000000e+00  3.405040325e+05  -1.718793014e+03  3.422228255e+05  2.744149030e+02  3.977161301e+05
3.160000000e+00  3.405074491e+05  -2.477183427e+03  3.429846326e+05  2.750257658e+02  3.908100550e+05
3.180000000e+00  3.405173813e+05  -3.085963977e+03  3.436033452e+05  2.755218870e+02  3.847297522e+05
3.200000000e+00  3.405277803e+05  -3.482775008e+03  3.440105553e+05  2.758484126e+02  3.800560418e+05
3.220000000e+00  3.405358338e+05  -3.693247032e+03  3.442290809e+05  2.760236395e+02  3.767473308e+05
3.240000000e+00  3.405411316e+05  -3.771457349e+03  3.443125889e+05  2.760906013e+02  3.745174301e+05
3.260000000e+00  3.405442161e+05  -3.767721804e+03  3.443119379e+05  2.760900793e+02  3.730591807e+05
3.280000000e+00  3.405457753e+05  -3.719126045e+03  3.442649014e+05  2.760523626e+02  3.721247040e+05
3.300000000e+00  3.405463652e+05  -3.650144353e+03  3.441965095e+05  2.759975219e+02  3.715355825e+05
3.320000000e+00  3.405463704e+05  -3.575922185e+03  3.441222925e+05  2.759380102e+02  3.711700822e+05
3.340000000e+00  3.405460382e+05  -3.505402966e+03  3.440514412e+05  2.758811973e+02  3.709472510e+05
3.360000000e+00  3.405455216e+05  -3.443626824e+03  3.439891484e+05  2.758312472e+02  3.708139219e+05
3.380000000e+00  3.405449123e+05  -3.393255018e+03  3.439381673e+05  2.757903675e+02  3.707354259e+05
3.400000000e+00  3.405442647e+05  -3.355530526e+03  3.438997952e+05  2.757595984e+02  3.706893314e+05
3.420000000e+00  3.405436103e+05  -3.330865615e+03  3.438744759e+05  2.757392959e+02  3.706613334e+05
3.440000000e+00  3.405429671e+05  -3.319193321e+03  3.438621605e+05  2.757294206e+02  3.706425910e+05
3.460000000e+00  3.405423456e+05  -3.320172569e+03  3.438625182e+05  2.757297075e+02  3.706280139e+05
3.480000000e+00  3.405417518e+05  -3.333303389e+03  3.438750552e+05  2.757397604e+02  3.706151671e+05
3.500000000e+00  3.405411898e+05  -3.357986972e+03  3.438991768e+05  2.757591026e+02  3.706035784e+05
3.520000000e+00  3.405406631e+05  -3.393551843e+03  3.439342149e+05  2.757871982e+02  3.705943050e+05
3.540000000e+00  3.405401750e+05  -3.439259212e+03  3.439794342e+05  2.758234578e+02  3.705896692e+05
3.560000000e+00  3.405397295e+05  -3.494295888e+03  3.440340254e+05  2.758672323e+02  3.705930941e+05
3.580000000e+00  3.405393315e+05  -3.557760695e+03  3.440970922e+05  2.759178030e+02  3.706089903e+05
3.600000000e+00  3.405389863e+05  -3.628649546e+03  3.441676359e+05  2.759743692e+02  3.706426478e+05
3.620000000e+00  3.405386998e+05  -3.705844840e+03  3.442445447e+05  2.760360393e+02  3.707000840e+05
3.640000000e+00  3.405384773e+05  -3.788116304e+03  3.443265936e+05  2.761018311e+02  3.707877944e+05
3.660000000e+00  3.405383223e+05  -3.874142607e+03  3.444124649e+05  2.761706880e+02  3.709123419e+05
3.680000000e+00  3.405382348e+05  -3.962565164e+03  3.445008000e+05  2.762415203e+02  3.710797131e+05
3.700000000e+00  3.405382086e+05  -4.052086401e+03  3.445902950e+05  2.763132828e+02  3.712943804e+05
3.720000000e+00  3.405382283e+05  -4.141621948e+03  3.446798503e+05  2.763850936e+02  3.715580398e+05
3.740000000e+00  3.405382676e+05  -4.230506746e+03  3.447687743e+05  2.764563983e+02  3.718680787e+05
3.760000000e+00  3.405382874e+05  -4.318736035e+03  3.448570234e+05  2.765271617e+02  3.722159664e+05
3.780000000e+00  3.405382390e+05  -4.407193172e+03  3.449454322e+05  2.765980532e+02  3.725859600e+05
3.800000000e+00  3.405380707e+05  -4.497784022e+03  3.450358547e+05  2.766705595e+02  3.729547153e+05
3.820000000e+00  3.405377398e+05  -4.593380820e+03  3.451311206e+05  2.767469494e+02  3.732924731e+05
3.840000000e+00  3.405372270e+05  -4.697486472e+03  3.452347135e+05  2.768300165e+02  3.735663185e+05
3.860000000e+00  3.405365492e+05  -4.813628464e+03  3.453501777e+05  2.769226026e+02  3.737453962e+05
3.880000000e+00  3.405357621e+05  -4.944590199e+03  3.454803523e+05  2.770269844e+02  3.738071555e+05
3.900000000e+00  3.405349514e+05  -5.091700879e+03  3.456266522e+05  2.771442966e+02  3.737429620e+05
3.920000000e+00  3.405342125e+05  -5.254435504e+03  3.457886480e+05  2.772741945e+02  3.735612793e+05
3.940000000e+00  3.405336273e+05  -5.430466067e+03  3.459640934e+05  2.774148772e+02  3.732874062e+05
3.960000000e+00  3.405332484e+05  -5.616116905e+03  3.461493653e+05  2.775634394e+02  3.729600979e+05
3.980000000e+00  3.405330959e+05  -5.807006677e+03  3.463401026e+05  2.777163841e+02  3.726266142e+05
4.000000000e+00  3.405331692e+05  -5.998595223e+03  3.465317645e+05  2.778700701e+02  3.723382160e+05
4.020000000e+00  3.405334670e+05  -6.186402475e+03  3.467198695e+05  2.780209041e+02  3.721478102e+05
4.040000000e+00  3.405340128e+05  -6.365762756e+03  3.468997756e+05  2.781651636e+02  3.721107362e+05
4.060000000e+00  3.405348834e+05  -6.531040496e+03  3.470659239e+05  2.782983914e+02  3.722891309e+05
4.080000000e+00  3.405362434e+05  -6.674219354e+03  3.472104627e+05  2.784142913e+02  3.727601775e+05
4.100000000e+00  3.405383897e+05  -6.782704940e+03  3.473210947e+05  2.785030027e+02  3.736286786e+05
4.120000000e+00  3.405418003e+05  -6.836172478e+03  3.473779728e+05  2.785486110e+02  3.750439489e+05
4.140000000e+00  3.405471455e+05  -6.802705119e+03  3.473498506e+05  2.785260609e+02  3.772176817e+05
4.160000000e+00  3.405551200e+05  -6.636214560e+03  3.471913345e+05  2.783989532e+02  3.804277667e+05
4.180000000e+00  3.405657619e+05  -6.281856604e+03  3.468476185e+05  2.781233410e+02  3.849641287e+05
4.200000000e+00  3.405768639e+05  -5.704156627e+03  3.462810205e+05  2.776690085e+02  3.909282354e+05
4.220000000e+00  3.405821547e+05  -4.952500151e+03  3.455346548e+05  2.770705275e+02  3.978125205e+05
4.240000000e+00  3.405732398e+05  -4.233294389e+03  3.448065342e+05  2.764866765e+02  4.040817331e+05
4.260000000e+00  3.405493438e+05  -3.861222680e+03  3.444105664e+05  2.761691656e+02  4.075587708e+05
4.280000000e+00  3.405242623e+05  -4.010860597e+03  3.445351229e+05  2.762690425e+02  4.070548433e+05
4.300000000e+00  3.405136153e+05  -4.526940760e+03  3.450405560e+05  2.766743293e+02  4.035810383e+05
4.320000000e+00  3.405187181e+05  -5.079832889e+03  3.455985510e+05  2.771217633e+02  3.993475949e+05
4.340000000e+00  3.405301889e+05  -5.445258776e+03  3.459754477e+05  2.774239818e+02  3.959374715e+05
4.360000000e+00  3.405391505e+05  -5.595871783e+03  3.461350223e+05  2.775519383e+02  3.936522679e+05
4.380000000e+00  3.405418297e+05  -5.630497174e+03  3.461723269e+05  2.775818514e+02  3.919292169e+05
4.400000000e+00  3.405391678e+05  -5.671549033e+03  3.462107169e+05  2.776126348e+02  3.900121601e+05
4.420000000e+00  3.405347223e+05  -5.790784993e+03  3.463255073e+05  2.777046807e+02  3.874598758e+05
4.440000000e+00  3.405318695e+05  -5.986137208e+03  3.465180067e+05  2.778590384e+02  3.843191666e+05
4.460000000e+00  3.405319050e+05  -6.208252220e+03  3.467401572e+05  2.780371720e+02  3.809628463e+05
4.480000000e+00  3.405341711e+05  -6.403957779e+03  3.469381289e+05  2.781959177e+02  3.778038554e+05
4.500000000e+00  3.405373135e+05  -6.542700364e+03  3.470800138e+05  2.783096895e+02  3.751106842e+05
4.520000000e+00  3.405402513e+05  -6.619163399e+03  3.471594147e+05  2.783733580e+02  3.729776947e+05
4.540000000e+00  3.405424477e+05  -6.643958309e+03  3.471864060e+05  2.783950012e+02  3.713796288e+05
4.560000000e+00  3.405437839e+05  -6.633723247e+03  3.471775072e+05  2.783878656e+02  3.702367147e+05
4.580000000e+00  3.405438776e+05  -6.610396838e+03  3.471542744e+05  2.783692361e+02  3.696586806e+05
4.600000000e+00  3.405436481e+05  -6.590511929e+03  3.471341601e+05  2.783531073e+02  3.692445111e+05
4.620000000e+00  3.405433681e+05  -6.575940168e+03  3.471193083e+05  2.783411982e+02  3.690050001e+05
4.640000000e+00  3.405432195e+05  -6.566032121e+03  3.471092516e+05  2.783331341e+02  3.689701233e+05
4.660000000e+00  3.405435477e+05  -6.554919252e+03  3.470984669e+05  2.783244864e+02  3.692043122e+05
4.680000000e+00  3.405449423e+05  -6.527446537e+03  3.470723889e+05  2.783035754e+02  3.698297279e+05
4.700000000e+00  3.405483142e+05  -6.453430404e+03  3.470017446e+05  2.782469285e+02  3.710557482e+05
4.720000000e+00  3.405548335e+05  -6.281436067e+03  3.468362696e+05  2.781142407e+02  3.732037079e+05
4.740000000e+00  3.405653327e+05  -5.938402228e+03  3.465037349e+05  2.778475943e+02  3.766835093e+05
4.760000000e+00  3.405784570e+05  -5.353016423e+03  3.459314734e+05  2.773887206e+02  3.818115452e+05
4.780000000e+00  3.405876099e+05  -4.530923958e+03  3.451185339e+05  2.767368566e+02  3.883141814e+05
4.800000000e+00  3.405812176e+05  -3.669703343e+03  3.442509209e+05  2.760411522e+02  3.946373765e+05
4.820000000e+00  3.405545818e+05  -3.155991110e+03  3.437105729e+05  2.756078686e+02  3.980726930e+05
4.840000000e+00  3.405231789e+05  -3.264742349e+03  3.437879212e+05  2.756698911e+02  3.967591605e+05
4.860000000e+00  3.405081986e+05  -3.853299718e+03  3.443614984e+05  2.761298199e+02  3.916485679e+05
4.880000000e+00  3.405124141e+05  -4.527959559e+03  3.450403736e+05  2.766741830e+02  3.854396713e+05
4.900000000e+00  3.405248874e+05  -5.011342090e+03  3.455362295e+05  2.770717901e+02  3.801791123e+05
4.920000000e+00  3.405365493e+05  -5.243304522e+03  3.457798538e+05  2.772671428e+02  3.765061063e+05
4.940000000e+00  3.405443421e+05  -5.280512517e+03  3.458248546e+05  2.773032272e+02  3.742231333e+05
4.960000000e+00  3.405485453e+05  -5.200615099e+03  3.457491604e+05  2.772425310e+02  3.729081252e+05
4.980000000e+00  3.405503084e+05  -5.063810307e+03  3.456141187e+05  2.771342464e+02  3.721910817e+05
5.000000000e+00  3.405506511e+05  -4.907844161e+03  3.454584952e+05  2.770094581e+02  3.718154978e+05
5.020000000e+00  3.405501800e+05  -4.753557165e+03  3.453037372e+05  2.768853638e+02  3.716221411e+05
5.040000000e+00  3.405494888e+05  -4.614017543e+03  3.451635063e+05  2.767729182e+02  3.715128821e+05
5.060000000e+00  3.405450768e+05  -4.511061451e+03  3.450561382e+05  2.766868240e+02  3.714089339e+05
5.080000000e+00  3.405443075e+05  -4.447029893e+03  3.449913374e+05  2.766348628e+02  3.712864813e+05
5.100000000e+00  3.405436258e+05  -4.397528548e+03  3.449411544e+05  2.765946230e+02  3.711697720e+05
5.120000000e+00  3.405430479e+05  -4.360599253e+03  3.449036472e+05  2.765645475e+02  3.710554120e+05
5.140000000e+00  3.405425730e+05  -4.334151001e+03  3.448767240e+05  2.765429589e+02  3.709435303e+05
5.160000000e+00  3.405421905e+05  -4.316227650e+03  3.448584181e+05  2.765282801e+02  3.708356303e+05
5.180000000e+00  3.405418863e+05  -4.305123564e+03  3.448470098e+05  2.765191323e+02  3.707334977e+05
5.200000000e+00  3.405416451e+05  -4.299429307e+03  3.448410745e+05  2.765143729e+02  3.706387169e+05
5.220000000e+00  3.405414521e+05  -4.298038879e+03  3.448394910e+05  2.765131032e+02  3.705525623e+05
5.240000000e+00  3.405412932e+05  -4.300136764e+03  3.448414300e+05  2.765146580e+02  3.704761076e+05
5.260000000e+00  3.405411557e+05  -4.305174280e+03  3.448463300e+05  2.765185871e+02  3.704104506e+05
5.280000000e+00  3.405410285e+05  -4.312840149e+03  3.448538687e+05  2.765246321e+02  3.703569785e+05
5.300000000e+00  3.405409023e+05  -4.323027497e+03  3.448639298e+05  2.765326997e+02  3.703176247e+05
5.320000000e+00  3.405407695e+05  -4.335797401e+03  3.448765669e+05  2.765428329e+02  3.702950913e+05
5.340000000e+00  3.405406251e+05  -4.351337164e+03  3.448919622e+05  2.765551778e+02  3.702930394e+05
5.360000000e+00  3.405404665e+05  -4.369909961e+03  3.449103765e+05  2.765699435e+02  3.703162691e+05
5.380000000e+00  3.405402951e+05  -4.391791787e+03  3.449320868e+05  2.765873521e+02  3.703709291e+05
5.400000000e+00  3.405401161e+05  -4.417192131e+03  3.449573083e+05  2.766075762e+02  3.704647945e+05
5.420000000e+00  3.405399406e+05  -4.446156565e+03  3.449860972e+05  2.766306609e+02  3.706076424e+05
5.440000000e+00  3.405397855e+05  -4.478452218e+03  3.450182377e+05  2.766564331e+02  3.708117289e+05
5.460000000e+00  3.405396741e+05  -4.513440683e+03  3.450531148e+05  2.766843996e+02  3.710923409e+05
5.480000000e+00  3.405396365e+05  -4.549946751e+03  3.450895832e+05  2.767136422e+02  3.714683620e+05
5.500000000e+00  3.405397075e+05  -4.586141198e+03  3.451258487e+05  2.767427221e+02  3.719627538e+05
5.520000000e+00  3.405399307e+05  -4.619418991e+03  3.451593497e+05  2.767695852e+02  3.726029562e+05
5.540000000e+00  3.405403530e+05  -4.646272379e+03  3.451866254e+05  2.767914565e+02  3.734212728e+05
5.560000000e+00  3.405410376e+05  -4.662115773e+03  3.452031534e+05  2.768047096e+02  3.744556890e+05
5.580000000e+00  3.405420886e+05  -4.660746294e+03  3.452028349e+05  2.768044542e+02  3.757527468e+05
5.600000000e+00  3.405436758e+05  -4.633498834e+03  3.451771746e+05  2.767838783e+02  3.773741311e+05
5.620000000e+00  3.405462673e+05  -4.564936254e+03  3.451112035e+05  2.767309787e+02  3.794162753e+05
5.640000000e+00  3.405505324e+05  -4.428796236e+03  3.449793286e+05  2.766252334e+02  3.820353235e+05
5.660000000e+00  3.405574103e+05  -4.182071069e+03  3.447394813e+05  2.764329094e+02  3.854730740e+05
5.680000000e+00  3.405673577e+05  -3.765983085e+03  3.443333408e+05  2.761072414e+02  3.900292028e+05
5.700000000e+00  3.405782853e+05  -3.134578178e+03  3.437128635e+05  2.756097053e+02  3.958538629e+05
5.720000000e+00  3.405827273e+05  -2.336375748e+03  3.429191031e+05  2.749732203e+02  4.024222346e+05
5.740000000e+00  3.405697455e+05  -1.617335203e+03  3.421870807e+05  2.743862406e+02  4.079302584e+05
5.760000000e+00  3.405382197e+05  -1.367880508e+03  3.419061002e+05  2.741609335e+02  4.097277095e+05
5.780000000e+00  3.405064666e+05  -1.791961799e+03  3.422984284e+05  2.744755259e+02  4.064797571e+05
5.800000000e+00  3.404936992e+05  -2.669280020e+03  3.431629792e+05  2.751687749e+02  3.996806487e+05
5.820000000e+00  3.404998318e+05  -3.587941446e+03  3.440877733e+05  2.759103306e+02  3.921656136e+05
5.840000000e+00  3.405136387e+05  -4.283482672e+03  3.447971214e+05  2.764791287e+02  3.858936624e+05
5.860000000e+00  3.405267712e+05  -4.700163208e+03  3.452269344e+05  2.768237787e+02  3.814575459e+05
5.880000000e+00  3.405364798e+05  -4.887983102e+03  3.454244629e+05  2.769821690e+02  3.786857107e+05
5.900000000e+00  3.405429537e+05  -4.916344440e+03  3.454592981e+05  2.770101019e+02  3.771984655e+05
5.920000000e+00  3.405471400e+05  -4.840452991e+03  3.453875930e+05  2.769526044e+02  3.766500274e+05
5.940000000e+00  3.405498501e+05  -4.697203748e+03  3.452470538e+05  2.768399117e+02  3.767793169e+05
5.960000000e+00  3.405515413e+05  -4.511408319e+03  3.450629496e+05  2.766922858e+02  3.773884181e+05
5.980000000e+00  3.405524043e+05  -4.300970461e+03  3.448533748e+05  2.765242360e+02  3.783107883e+05
6.000000000e+00  3.405522584e+05  -4.083530928e+03  3.446357893e+05  2.763497629e+02  3.793796892e+05
6.020000000e+00  3.405511896e+05  -3.877705897e+03  3.444288955e+05  2.761838629e+02  3.804186170e+05
6.040000000e+00  3.405491104e+05  -3.704061937e+03  3.442531723e+05  2.760429575e+02  3.812470365e+05
6.060000000e+00  3.405462957e+05  -3.580412581e+03  3.441267082e+05  2.759415510e+02  3.817133046e+05
6.080000000e+00  3.405432774e+05  -3.516218098e+03  3.440594955e+05  2.758876557e+02  3.817341947e+05
6.100000000e+00  3.405406686e+05  -3.509053782e+03  3.440497224e+05  2.758798191e+02  3.813195144e+05
6.120000000e+00  3.405386327e+05  -3.546788182e+03  3.440854209e+05  2.759084443e+02  3.805624979e+05
6.140000000e+00  3.405379146e+05  -3.610593495e+03  3.441485081e+05  2.759590314e+02  3.796095382e+05
6.160000000e+00  3.405380979e+05  -3.678934999e+03  3.442170329e+05  2.760139787e+02  3.786200446e+05
6.180000000e+00  3.405389234e+05  -3.736387256e+03  3.442753106e+05  2.760607093e+02  3.777245447e+05
6.200000000e+00  3.405401272e+05  -3.772947915e+03  3.443130751e+05  2.760909912e+02  3.770157581e+05
6.220000000e+00  3.405415185e+05  -3.783204067e+03  3.443247226e+05  2.761003308e+02  3.765508364e+05
6.240000000e+00  3.405429946e+05  -3.764626032e+03  3.443076206e+05  2.760866175e+02  3.763606789e+05
6.260000000e+00  3.405445162e+05  -3.716014681e+03  3.442605309e+05  2.760488581e+02  3.764592232e+05
6.280000000e+00  3.405460652e+05  -3.636657829e+03  3.441827230e+05  2.759864670e+02  3.768485822e+05
6.300000000e+00  3.405475625e+05  -3.526664097e+03  3.440742265e+05  2.758994680e+02  3.775177190e+05
6.320000000e+00  3.405489550e+05  -3.387439314e+03  3.439363943e+05  2.757889458e+02  3.784369266e+05
6.340000000e+00  3.405499822e+05  -3.223817679e+03  3.437737999e+05  2.756585678e+02  3.795458012e+05
6.360000000e+00  3.405503475e+05  -3.046042936e+03  3.435963904e+05  2.755163102e+02  3.807421794e+05
6.380000000e+00  3.405497421e+05  -2.870741162e+03  3.434204833e+05  2.753752572e+02  3.818794137e+05
6.400000000e+00  3.405480141e+05  -2.719378781e+03  3.432673928e+05  2.752525001e+02  3.827818923e+05
6.420000000e+00  3.405453734e+05  -2.612746705e+03  3.431581201e+05  2.751648786e+02  3.832843848e+05
6.440000000e+00  3.405423328e+05  -2.564211407e+03  3.431065442e+05  2.751235219e+02  3.832816616e+05
6.460000000e+00  3.405395786e+05  -2.574599876e+03  3.431141785e+05  2.751296436e+02  3.827651531e+05
6.480000000e+00  3.405376645e+05  -2.631927842e+03  3.431695924e+05  2.751740778e+02  3.818243751e+05
6.500000000e+00  3.405368059e+05  -2.716546341e+03  3.432533523e+05  2.752412415e+02  3.806112140e+05
6.520000000e+00  3.405368840e+05  -2.808059304e+03  3.433449433e+05  2.753146847e+02  3.792896648e+05
6.540000000e+00  3.405375845e+05  -2.890856255e+03  3.434284407e+05  2.753816380e+02  3.779952530e+05
6.560000000e+00  3.405385389e+05  -2.956122560e+03  3.434946615e+05  2.754347378e+02  3.768172824e+05
6.580000000e+00  3.405395307e+05  -3.002468545e+03  3.435419992e+05  2.754726960e+02  3.757974195e+05
6.600000000e+00  3.405403836e+05  -3.030204855e+03  3.435705884e+05  2.754956206e+02  3.749491632e+05
6.620000000e+00  3.405410268e+05  -3.042979599e+03  3.435840064e+05  2.755063799e+02  3.742631365e+05
6.640000000e+00  3.405414478e+05  -3.045196888e+03  3.435866447e+05  2.755084955e+02  3.737200034e+05
6.660000000e+00  3.405416655e+05  -3.041143931e+03  3.435828095e+05  2.755054202e+02  3.732974741e+05
6.680000000e+00  3.405417120e+05  -3.034567823e+03  3.435762798e+05  2.755001843e+02  3.729743293e+05
6.700000000e+00  3.405416219e+05  -3.028534428e+03  3.435701563e+05  2.754952741e+02  3.727324024e+05
6.720000000e+00  3.405414275e+05  -3.025434749e+03  3.435668623e+05  2.754926327e+02  3.725573634e+05
6.740000000e+00  3.405411576e+05  -3.027050271e+03  3.435682079e+05  2.754937117e+02  3.724389021e+05
6.760000000e+00  3.405408374e+05  -3.034625701e+03  3.435754631e+05  2.754995294e+02  3.723706882e+05
6.780000000e+00  3.405404904e+05  -3.048921424e+03  3.435894118e+05  2.755107143e+02  3.723503299e+05
6.800000000e+00  3.405401400e+05  -3.070231565e+03  3.436103716e+05  2.755275211e+02  3.723794997e+05
6.820000000e+00  3.405397233e+05  -3.099521748e+03  3.436392450e+05  2.755506736e+02  3.724613621e+05
6.840000000e+00  3.405394448e+05  -3.134970311e+03  3.436744151e+05  2.755788751e+02  3.726091073e+05
6.860000000e+00  3.405392551e+05  -3.175134654e+03  3.437143898e+05  2.756109292e+02  3.728386823e+05
6.880000000e+00  3.405391980e+05  -3.217797914e+03  3.437569959e+05  2.756450933e+02  3.731720618e+05
6.900000000e+00  3.405393236e+05  -3.259798931e+03  3.437991225e+05  2.756788730e+02  3.736377335e+05
6.920000000e+00  3.405396834e+05  -3.296949851e+03  3.438366332e+05  2.757089513e+02  3.742706101e+05
6.940000000e+00  3.405403202e+05  -3.324104458e+03  3.438644247e+05  2.757312362e+02  3.751107565e+05
6.960000000e+00  3.405412533e+05  -3.335485782e+03  3.438767391e+05  2.757411107e+02  3.762003196e+05
6.980000000e+00  3.405424669e+05  -3.325299681e+03  3.438677666e+05  2.757339160e+02  3.775787098e+05
7.000000000e+00  3.405439288e+05  -3.288328555e+03  3.438322573e+05  2.757054425e+02  3.792783214e+05
7.020000000e+00  3.405456884e+05  -3.219428392e+03  3.437651168e+05  2.756516052e+02  3.813278480e+05
7.040000000e+00  3.405481139e+05  -3.109694325e+03  3.436578082e+05  2.755655586e+02  3.837767338e+05
7.060000000e+00  3.405522453e+05  -2.936502608e+03  3.434887479e+05  2.754299959e+02  3.867556476e+05
7.080000000e+00  3.405599589e+05  -2.647534560e+03  3.432074935e+05  2.752044692e+02  3.905657120e+05
7.100000000e+00  3.405729772e+05  -2.151330219e+03  3.427243075e+05  2.748170215e+02  3.957093498e+05
7.120000000e+00  3.405890492e+05  -1.354237037e+03  3.419432863e+05  2.741907516e+02  4.026123755e+05
7.140000000e+00  3.405956461e+05  -3.060344023e+02  3.409016805e+05  2.733555292e+02  4.106839884e+05
7.160000000e+00  3.405730461e+05  5.931766540e+02  3.399798694e+05  2.726163655e+02  4.170892414e+05
7.180000000e+00  3.405227892e+05  7.119043042e+02  3.398108849e+05  2.724808635e+02  4.176548871e+05
7.200000000e+00  3.404816916e+05  -1.487687302e+02  3.406304604e+05  2.731380486e+02  4.111253116e+05
7.220000000e+00  3.404750381e+05  -1.475996942e+03  3.419510351e+05  2.741969650e+02  4.009167766e+05
7.240000000e+00  3.404912875e+05  -2.657971109e+03  3.431492586e+05  2.751577729e+02  3.912337141e+05
7.260000000e+00  3.405111696e+05  -3.450495142e+03  3.439616648e+05  2.758092092e+02  3.839933597e+05
7.280000000e+00  3.405261292e+05  -3.889627150e+03  3.444157563e+05  2.761733272e+02  3.792351966e+05
7.300000000e+00  3.405354859e+05  -4.089251365e+03  3.446247373e+05  2.763409007e+02  3.763721421e+05
7.320000000e+00  3.405409918e+05  -4.144784661e+03  3.446857765e+05  2.763898456e+02  3.748421992e+05
7.340000000e+00  3.405444799e+05  -4.113768278e+03  3.446582481e+05  2.763677717e+02  3.742772089e+05
7.360000000e+00  3.405473688e+05  -4.021206986e+03  3.445685758e+05  2.762958670e+02  3.744960350e+05
7.380000000e+00  3.405507109e+05  -3.867681839e+03  3.444183927e+05  2.761754412e+02  3.754628658e+05
7.400000000e+00  3.405552194e+05  -3.636143632e+03  3.441913631e+05  2.759933951e+02  3.772419363e+05
7.420000000e+00  3.405610291e+05  -3.300626352e+03  3.438616554e+05  2.757290156e+02  3.799323060e+05
7.440000000e+00  3.405670735e+05  -2.843724026e+03  3.434107975e+05  2.753674906e+02  3.835443129e+05
7.460000000e+00  3.405703889e+05  -2.288461534e+03  3.428588504e+05  2.749249061e+02  3.877915927e+05
7.480000000e+00  3.405666741e+05  -1.734093228e+03  3.423007673e+05  2.744774014e+02  3.918784290e+05
7.500000000e+00  3.405537320e+05  -1.351753969e+03  3.419054860e+05  2.741604410e+02  3.945663097e+05
7.520000000e+00  3.405356431e+05  -1.294709811e+03  3.418303529e+05  2.741001948e+02  3.947879962e+05
7.540000000e+00  3.405209926e+05  -1.577412087e+03  3.420984047e+05  2.743151349e+02  3.924403215e+05
7.560000000e+00  3.405152717e+05  -2.063084461e+03  3.425783562e+05  2.746999889e+02  3.884665854e+05
7.580000000e+00  3.405174042e+05  -2.574481419e+03  3.430918856e+05  2.751117678e+02  3.841264425e+05
7.600000000e+00  3.405231349e+05  -2.997864116e+03  3.435209990e+05  2.754558568e+02  3.802972386e+05
7.620000000e+00  3.405290516e+05  -3.300157665e+03  3.438292092e+05  2.757029983e+02  3.773219210e+05
7.640000000e+00  3.405336485e+05  -3.496383201e+03  3.440300317e+05  2.758640299e+02  3.751954882e+05
7.660000000e+00  3.405367158e+05  -3.616697070e+03  3.441534129e+05  2.759629644e+02  3.737765028e+05
7.680000000e+00  3.405385898e+05  -3.688727891e+03  3.442273177e+05  2.760222257e+02  3.729109506e+05
7.700000000e+00  3.405397320e+05  -3.731605146e+03  3.442713371e+05  2.760575232e+02  3.724816192e+05
7.720000000e+00  3.405405676e+05  -3.755453546e+03  3.442960212e+05  2.760773163e+02  3.724188670e+05
7.740000000e+00  3.405414409e+05  -3.762694315e+03  3.443041352e+05  2.760838227e+02  3.726957939e+05
7.760000000e+00  3.405425952e+05  -3.749865520e+03  3.442924607e+05  2.760744613e+02  3.733168316e+05
7.780000000e+00  3.405441271e+05  -3.710050495e+03  3.442541776e+05  2.760437636e+02  3.743001815e+05
7.800000000e+00  3.405458966e+05  -3.636679614e+03  3.441825762e+05  2.759863493e+02  3.756504255e+05
7.820000000e+00  3.405473445e+05  -3.529727245e+03  3.440770718e+05  2.759017495e+02  3.773177938e+05
7.840000000e+00  3.405477711e+05  -3.402939980e+03  3.439507110e+05  2.758004258e+02  3.791521189e+05
7.860000000e+00  3.405461232e+05  -3.287889016e+03  3.438340122e+05  2.757068497e+02  3.808781993e+05
7.880000000e+00  3.405419307e+05  -3.232406266e+03  3.437743369e+05  2.756589984e+02  3.821276216e+05
7.900000000e+00  3.405358530e+05  -3.282630875e+03  3.438184839e+05  2.756943981e+02  3.825654580e+05
7.920000000e+00  3.405296263e+05  -3.459333270e+03  3.439889596e+05  2.758310958e+02  3.820542971e+05
7.940000000e+00  3.405251020e+05  -3.745327298e+03  3.442704293e+05  2.760567952e+02  3.807398430e+05
7.960000000e+00  3.405232051e+05  -4.094887421e+03  3.446180925e+05  2.763355726e+02  3.789866546e+05
7.980000000e+00  3.405237470e+05  -4.455940383e+03  3.449796874e+05  2.766255212e+02  3.772240673e+05
8.000000000e+00  3.405260211e+05  -4.786870187e+03  3.453128913e+05  2.768927041e+02  3.758222555e+05
8.020000000e+00  3.405294768e+05  -5.059456127e+03  3.455889329e+05  2.771140510e+02  3.750578659e+05
8.040000000e+00  3.405340412e+05  -5.251728455e+03  3.457857696e+05  2.772718865e+02  3.751479563e+05
8.060000000e+00  3.405400818e+05  -5.338326150e+03  3.458784080e+05  2.773461695e+02  3.763031103e+05
8.080000000e+00  3.405481987e+05  -5.283470746e+03  3.458316694e+05  2.773086917e+02  3.787614275e+05
8.100000000e+00  3.405586866e+05  -5.041804270e+03  3.456004909e+05  2.771233188e+02  3.827713916e+05
8.120000000e+00  3.405708868e+05  -4.570641672e+03  3.451415285e+05  2.767552951e+02  3.884978935e+05
8.140000000e+00  3.405824369e+05  -3.857277046e+03  3.444397139e+05  2.761925378e+02  3.958361877e+05
8.160000000e+00  3.405890725e+05  -2.956653940e+03  3.435457265e+05  2.754756848e+02  4.041749030e+05
8.180000000e+00  3.405856857e+05  -2.020923484e+03  3.426066092e+05  2.747226439e+02  4.122383947e+05
8.200000000e+00  3.405692169e+05  -1.289451512e+03  3.418586684e+05  2.741228998e+02  4.182134119e+05
8.220000000e+00  3.405431016e+05  -1.001861285e+03  3.415449628e+05  2.738713518e+02  4.203801423e+05
8.240000000e+00  3.405182882e+05  -1.244424116e+03  3.417627124e+05  2.740459565e+02  4.181390593e+05
8.260000000e+00  3.405049114e+05  -1.873546269e+03  3.423784577e+05  2.745396983e+02  4.125003937e+05
8.280000000e+00  3.405039088e+05  -2.634039898e+03  3.431379487e+05  2.751487040e+02  4.053035451e+05
8.300000000e+00  3.405098830e+05  -3.330596181e+03  3.438404792e+05  2.757120353e+02  3.980690723e+05
8.320000000e+00  3.405178827e+05  -3.879583899e+03  3.443974666e+05  2.761586614e+02  3.915984183e+05
8.340000000e+00  3.405255326e+05  -4.269211034e+03  3.447947437e+05  2.764772221e+02  3.861817116e+05
8.360000000e+00  3.405320210e+05  -4.516676610e+03  3.450486976e+05  2.766808577e+02  3.818607947e+05
8.380000000e+00  3.405371192e+05  -4.648316163e+03  3.451854354e+05  2.767905023e+02  3.785651555e+05
8.400000000e+00  3.405408564e+05  -4.692112495e+03  3.452329689e+05  2.768286175e+02  3.761732024e+05
8.420000000e+00  3.405434559e+05  -4.673352766e+03  3.452168086e+05  2.768156592e+02  3.745520291e+05
8.440000000e+00  3.405452830e+05  -4.611252701e+03  3.451565357e+05  2.767673288e+02  3.735886085e+05
8.460000000e+00  3.405468031e+05  -4.516605926e+03  3.450634090e+05  2.766926542e+02  3.732120132e+05
8.480000000e+00  3.405485539e+05  -4.390110202e+03  3.449386641e+05  2.765926262e+02  3.734078469e+05
8.500000000e+00  3.405511242e+05  -4.221123986e+03  3.447722482e+05  2.764591838e+02  3.742260448e+05
8.520000000e+00  3.405550739e+05  -3.987305075e+03  3.445423790e+05  2.762748609e+02  3.757783172e+05
8.540000000e+00  3.405606650e+05  -3.657551691e+03  3.442182167e+05  2.760149280e+02  3.782094769e+05
8.560000000e+00  3.405672422e+05  -3.203761904e+03  3.437710041e+05  2.756563259e+02  3.816094164e+05
8.580000000e+00  3.405723478e+05  -2.628400157e+03  3.432007479e+05  2.751990601e+02  3.858285594e+05
8.600000000e+00  3.405715978e+05  -2.004646830e+03  3.425762447e+05  2.746982958e+02  3.902309049e+05
8.620000000e+00  3.405613429e+05  -1.492998446e+03  3.420543414e+05  2.742798022e+02  3.936239676e+05
8.640000000e+00  3.405436606e+05  -1.274344899e+03  3.418180055e+05  2.740902938e+02  3.947333829e+05
8.660000000e+00  3.405270218e+05  -1.414610355e+03  3.419416322e+05  2.741894252e+02  3.930969272e+05
8.680000000e+00  3.405189535e+05  -1.804967640e+03  3.423239211e+05  2.744959675e+02  3.894525872e+05
8.700000000e+00  3.405199902e+05  -2.256289687e+03  3.427762798e+05  2.748586961e+02  3.851235109e+05
8.720000000e+00  3.405259216e+05  -2.627087144e+03  3.431530087e+05  2.751607800e+02  3.811645341e+05
8.740000000e+00  3.405326465e+05  -2.865249123e+03  3.433978957e+05  2.753571451e+02  3.780479941e+05
8.760000000e+00  3.405381020e+05  -2.979968421e+03  3.435180704e+05  2.754535085e+02  3.758132858e+05
8.780000000e+00  3.405418177e+05  -3.003522762e+03  3.435453405e+05  2.754753753e+02  3.743073402e+05
8.800000000e+00  3.405440396e+05  -2.968845371e+03  3.435128849e+05  2.754493504e+02  3.733388219e+05
8.820000000e+00  3.405451860e+05  -2.901536970e+03  3.434467230e+05  2.753962978e+02  3.727424724e+05
8.840000000e+00  3.405456287e+05  -2.819114308e+03  3.433647431e+05  2.753305613e+02  3.723941528e+05
8.860000000e+00  3.405456404e+05  -2.732665794e+03  3.432783062e+05  2.752612511e+02  3.722066797e+05
8.880000000e+00  3.405454037e+05  -2.648791423e+03  3.431941952e+05  2.751938058e+02  3.721209413e+05
8.900000000e+00  3.405450351e+05  -2.571163508e+03  3.431161986e+05  2.751312634e+02  3.720976226e+05
8.920000000e+00  3.405446056e+05  -2.501625272e+03  3.430462309e+05  2.750751591e+02  3.721108672e+05
8.940000000e+00  3.405441577e+05  -2.440916525e+03  3.429850743e+05  2.750261200e+02  3.721437994e+05
8.960000000e+00  3.405437152e+05  -2.389136965e+03  3.429328522e+05  2.749842452e+02  3.721854792e+05
8.980000000e+00  3.405432905e+05  -2.346036152e+03  3.428893266e+05  2.749493438e+02  3.722288681e+05
9.000000000e+00  3.405428891e+05  -2.311192619e+03  3.428540817e+05  2.749210823e+02  3.722694813e+05
9.020000000e+00  3.405425121e+05  -2.284123367e+03  3.428266355e+05  2.748990742e+02  3.723044967e+05
9.040000000e+00  3.405421232e+05  -2.265674789e+03  3.428077979e+05  2.748839692e+02  3.723297381e+05
9.060000000e+00  3.405417907e+05  -2.259200391e+03  3.428009910e+05  2.748785110e+02  3.723356640e+05
9.080000000e+00  3.405414758e+05  -2.259187211e+03  3.428006630e+05  2.748782479e+02  3.723326279e+05
9.100000000e+00  3.405411743e+05  -2.265326064e+03  3.428065003e+05  2.748829287e+02  3.723203003e+05
9.120000000e+00  3.405408817e+05  -2.277395308e+03  3.428182770e+05  2.748923719e+02  3.722985034e+05
9.140000000e+00  3.405405932e+05  -2.295265575e+03  3.428358588e+05  2.749064701e+02  3.722671430e+05
9.160000000e+00  3.405403042e+05  -2.318902768e+03  3.428592070e+05  2.749251920e+02  3.722261695e+05
9.180000000e+00  3.405400096e+05  -2.348370163e+03  3.428883798e+05  2.749485846e+02  3.721755617e+05
9.200000000e+00  3.405397045e+05  -2.383830024e+03  3.429235346e+05  2.749767738e+02  3.721153295e+05
9.220000000e+00  3.405393839e+05  -2.425544730e+03  3.429649286e+05  2.750099660e+02  3.720455368e+05
9.240000000e+00  3.405390427e+05  -2.473877094e+03  3.430129198e+05  2.750484483e+02  3.719663463e+05
9.260000000e+00  3.405386761e+05  -2.529289017e+03  3.430679651e+05  2.750925869e+02  3.718780957e+05
9.280000000e+00  3.405382795e+05  -2.592337050e+03  3.431306166e+05  2.751428246e+02  3.717814157e+05
9.300000000e+00  3.405378491e+05  -2.663662353e+03  3.432015115e+05  2.751996724e+02  3.716774121e+05
9.320000000e+00  3.405373823e+05  -2.743971012e+03  3.432813533e+05  2.752636944e+02  3.715679418e+05
9.340000000e+00  3.405368790e+05  -2.833998048e+03  3.433708770e+05  2.753354799e+02  3.714560316e+05
9.360000000e+00  3.405363429e+05  -2.934444237e+03  3.434707871e+05  2.754155939e+02  3.713465153e+05
9.380000000e+00  3.405357848e+05  -3.045867969e+03  3.435816528e+05  2.755044927e+02  3.712470058e+05
9.400000000e+00  3.405352271e+05  -3.168502981e+03  3.437037301e+05  2.756023816e+02  3.711693836e+05
9.420000000e+00  3.405347112e+05  -3.301954536e+03  3.438366657e+05  2.757089774e+02  3.711320861e+05
9.440000000e+00  3.405343101e+05  -3.444697663e+03  3.439790077e+05  2.758231158e+02  3.711636274e+05
9.460000000e+00  3.405341479e+05  -3.593258117e+03  3.441274061e+05  2.759421105e+02  3.713079830e+05
9.480000000e+00  3.405344297e+05  -3.740901823e+03  3.442753315e+05  2.760607261e+02  3.716326851e+05
9.500000000e+00  3.405354824e+05  -3.875608376e+03  3.444110908e+05  2.761695861e+02  3.722405154e+05
9.520000000e+00  3.405377985e+05  -3.977172674e+03  3.445149712e+05  2.762528837e+02  3.732848531e+05
9.540000000e+00  3.405420425e+05  -4.013711168e+03  3.445557537e+05  2.762855855e+02  3.749853181e+05
9.560000000e+00  3.405488993e+05  -3.939390556e+03  3.444882898e+05  2.762314889e+02  3.776301039e+05
9.580000000e+00  3.405585023e+05  -3.699015747e+03  3.442575181e+05  2.760464422e+02  3.815280358e+05
9.600000000e+00  3.405691399e+05  -3.251300393e+03  3.438204403e+05  2.756959669e+02  3.868392066e+05
9.620000000e+00  3.405757279e+05  -2.622759302e+03  3.431984872e+05  2.751972474e+02  3.932236758e+05
9.640000000e+00  3.405709803e+05  -1.971114774e+03  3.425420950e+05  2.746709126e+02  3.994653251e+05
9.660000000e+00  3.405526993e+05  -1.562499364e+03  3.421151986e+05  2.743286013e+02  4.036785312e+05
9.680000000e+00  3.405304486e+05  -1.585294759e+03  3.421157434e+05  2.743290381e+02  4.045434945e+05
9.700000000e+00  3.405175063e+05  -1.971610088e+03  3.424891164e+05  2.746284311e+02  4.024569815e+05
9.720000000e+00  3.405168360e+05  -2.481742876e+03  3.429985789e+05  2.750369489e+02  3.989950976e+05
9.740000000e+00  3.405214539e+05  -2.933556156e+03  3.434550101e+05  2.754029429e+02  3.954372014e+05
9.760000000e+00  3.405254630e+05  -3.291162115e+03  3.438166251e+05  2.756929076e+02  3.921458400e+05
9.780000000e+00  3.405268852e+05  -3.595809846e+03  3.441226951e+05  2.759383330e+02  3.889531550e+05
9.800000000e+00  3.405272630e+05  -3.885998783e+03  3.444132618e+05  2.761713269e+02  3.856961774e+05
9.820000000e+00  3.405283681e+05  -4.162741223e+03  3.446911093e+05  2.763941218e+02  3.824414933e+05
9.840000000e+00  3.405307128e+05  -4.403945640e+03  3.449346584e+05  2.765894142e+02  3.794017162e+05
9.860000000e+00  3.405337805e+05  -4.589223772e+03  3.451230043e+05  2.767404413e+02  3.767748644e+05
9.880000000e+00  3.405368135e+05  -4.712214544e+03  3.452490280e+05  2.768414947e+02  3.746584449e+05
9.900000000e+00  3.405392987e+05  -4.779572099e+03  3.453188708e+05  2.768974989e+02  3.730506944e+05
9.920000000e+00  3.405410511e+05  -4.804694614e+03  3.453457457e+05  2.769190488e+02  3.718900668e+05
9.940000000e+00  3.405421090e+05  -4.802125962e+03  3.453442350e+05  2.769178374e+02  3.710938807e+05
9.960000000e+00  3.405426140e+05  -4.784390736e+03  3.453270048e+05  2.769040211e+02  3.705826270e+05
9.980000000e+00  3.405427316e+05  -4.760840158e+03  3.453035717e+05  2.768852311e+02  3.702911249e+05
1.000000000e+01  3.405426219e+05  -4.737518550e+03  3.452801405e+05  2.768664425e+02  3.701718208e+05
1.002000000e+01  3.405424194e+05  -4.717558628e+03  3.452599780e+05  2.768502750e+02  3.701940292e+05
1.004000000e+01  3.405422399e+05  -4.701588163e+03  3.452438280e+05  2.768373250e+02  3.703419076e+05
1.006000000e+01  3.405421770e+05  -4.688131949e+03  3.452303089e+05  2.768264846e+02  3.706119005e+05
1.008000000e+01  3.405423226e+05  -4.673882896e+03  3.452162055e+05  2.768151756e+02  3.710100317e+05
1.010000000e+01  3.405427279e+05  -4.654095771e+03  3.451968237e+05  2.767996341e+02  3.715481372e+05
1.012000000e+01  3.405434061e+05  -4.623347481e+03  3.451667535e+05  2.767755220e+02  3.722379578e+05
1.014000000e+01  3.405443001e+05  -4.576629148e+03  3.451209292e+05  2.767387774e+02  3.730825950e+05
1.016000000e+01  3.405452555e+05  -4.511053058e+03  3.450563085e+05  2.766869606e+02  3.740647080e+05
1.018000000e+01  3.405460114e+05  -4.427932252e+03  3.449739436e+05  2.766209154e+02  3.751334448e+05
1.020000000e+01  3.405462473e+05  -4.334563416e+03  3.448808107e+05  2.765462358e+02  3.761954113e+05
1.022000000e+01  3.405529585e+05  -4.175172081e+03  3.447281305e+05  2.764238077e+02  3.780189435e+05
1.024000000e+01  3.405630216e+05  -3.795639727e+03  3.443586613e+05  2.761275450e+02  3.819101871e+05
1.026000000e+01  3.405740414e+05  -3.199305878e+03  3.437733472e+05  2.756582048e+02  3.872022595e+05
1.028000000e+01  3.405796176e+05  -2.426082254e+03  3.430056999e+05  2.750426589e+02  3.934533240e+05
1.030000000e+01  3.405704387e+05  -1.683065315e+03  3.422535041e+05  2.744395029e+02  3.991241366e+05
1.032000000e+01  3.405443357e+05  -1.310930620e+03  3.418552663e+05  2.741201718e+02  4.018729480e+05
1.034000000e+01  3.405150157e+05  -1.527535351e+03  3.420425511e+05  2.742703481e+02  4.002457757e+05
1.036000000e+01  3.404997698e+05  -2.202221814e+03  3.427019916e+05  2.747991272e+02  3.951232202e+05
1.038000000e+01  3.405014833e+05  -2.994695993e+03  3.434961793e+05  2.754359549e+02  3.888321831e+05
1.040000000e+01  3.405117525e+05  -3.645929468e+03  3.441576820e+05  2.759663876e+02  3.832510210e+05
1.042000000e+01  3.405227379e+05  -4.074086785e+03  3.445968247e+05  2.763185187e+02  3.791164018e+05
1.044000000e+01  3.405311863e+05  -4.306121663e+03  3.448373080e+05  2.765113527e+02  3.764039304e+05
1.046000000e+01  3.405368299e+05  -4.398887841e+03  3.449357177e+05  2.765902636e+02  3.748269629e+05
1.048000000e+01  3.405404290e+05  -4.401368583e+03  3.449417976e+05  2.765951388e+02  3.740985523e+05
1.050000000e+01  3.405428272e+05  -4.345543122e+03  3.448883703e+05  2.765522976e+02  3.740112532e+05
1.052000000e+01  3.405446651e+05  -4.248412718e+03  3.447930778e+05  2.764758863e+02  3.744378010e+05
1.054000000e+01  3.405463346e+05  -4.116729594e+03  3.446630642e+05  2.763716335e+02  3.753070624e+05
1.056000000e+01  3.405479716e+05  -3.952046354e+03  3.445000179e+05  2.762408932e+02  3.765731424e+05
1.058000000e+01  3.405494317e+05  -3.756066206e+03  3.443054979e+05  2.760849154e+02  3.781804306e+05
1.060000000e+01  3.405502771e+05  -3.536466594e+03  3.440867437e+05  2.759095050e+02  3.800259167e+05
1.062000000e+01  3.405498641e+05  -3.312113339e+03  3.438619775e+05  2.757292739e+02  3.819279071e+05
1.064000000e+01  3.405476302e+05  -3.114536131e+03  3.436621664e+05  2.755690533e+02  3.836225171e+05
1.066000000e+01  3.405435375e+05  -2.981753055e+03  3.435252906e+05  2.754592980e+02  3.848124185e+05
1.068000000e+01  3.405383654e+05  -2.944110378e+03  3.434824758e+05  2.754249666e+02  3.852672380e+05
1.070000000e+01  3.405334806e+05  -3.009325440e+03  3.435428061e+05  2.754733430e+02  3.849260904e+05
1.072000000e+01  3.405301354e+05  -3.157682230e+03  3.436878177e+05  2.755896221e+02  3.839297982e+05
1.074000000e+01  3.405288576e+05  -3.351390427e+03  3.438802480e+05  2.757439243e+02  3.825565392e+05
1.076000000e+01  3.405293869e+05  -3.550727051e+03  3.440801139e+05  2.759041889e+02  3.811093374e+05
1.078000000e+01  3.405310430e+05  -3.726334492e+03  3.442573775e+05  2.760463295e+02  3.798263361e+05
1.080000000e+01  3.405331236e+05  -3.863226560e+03  3.443963502e+05  2.761577662e+02  3.788459062e+05
1.082000000e+01  3.405351036e+05  -3.958768045e+03  3.444938716e+05  2.762359647e+02  3.782143912e+05
1.084000000e+01  3.405366536e+05  -4.018719430e+03  3.445553730e+05  2.762852802e+02  3.779105153e+05
1.086000000e+01  3.405375884e+05  -4.053827323e+03  3.445914157e+05  2.763141815e+02  3.778694836e+05
1.088000000e+01  3.405378277e+05  -4.077412248e+03  3.446152399e+05  2.763332852e+02  3.780025772e+05
1.090000000e+01  3.405373980e+05  -4.103319878e+03  3.446407178e+05  2.763537149e+02  3.782152776e+05
1.092000000e+01  3.405364620e+05  -4.143499749e+03  3.446799617e+05  2.763851830e+02  3.784278257e+05
1.094000000e+01  3.405353420e+05  -4.204998638e+03  3.447403406e+05  2.764335984e+02  3.785987725e+05
1.096000000e+01  3.405345069e+05  -4.286835536e+03  3.448213425e+05  2.764985506e+02  3.787476336e+05
1.098000000e+01  3.405345211e+05  -4.377556678e+03  3.449120778e+05  2.765713077e+02  3.789705863e+05
1.100000000e+01  3.405359745e+05  -4.454046555e+03  3.449900210e+05  2.766338073e+02  3.794446164e+05
1.102000000e+01  3.405393969e+05  -4.481863720e+03  3.450212606e+05  2.766588570e+02  3.804176408e+05
1.104000000e+01  3.405450942e+05  -4.417939897e+03  3.449630341e+05  2.766121675e+02  3.821789853e+05
1.106000000e+01  3.405527507e+05  -4.219360717e+03  3.447721114e+05  2.764590742e+02  3.849917020e+05
1.108000000e+01  3.405610494e+05  -3.858003561e+03  3.444190529e+05  2.761759706e+02  3.889736101e+05
1.110000000e+01  3.405672535e+05  -3.348137970e+03  3.439153914e+05  2.757721044e+02  3.939233297e+05
1.112000000e+01  3.405686893e+05  -2.761859963e+03  3.433305493e+05  2.753031427e+02  3.992308801e+05
1.114000000e+01  3.405644351e+05  -2.205383010e+03  3.427698181e+05  2.748535146e+02  4.040628849e+05
1.116000000e+01  3.405586647e+05  -1.753323607e+03  3.423119883e+05  2.744863991e+02  4.077728894e+05
1.118000000e+01  3.405504578e+05  -1.437980204e+03  3.419884380e+05  2.742269569e+02  4.099534841e+05
1.120000000e+01  3.405358887e+05  -1.347521772e+03  3.418834104e+05  2.741427395e+02  4.099330943e+05
1.122000000e+01  3.405160851e+05  -1.614048086e+03  3.421301332e+05  2.743405767e+02  4.068669892e+05
1.124000000e+01  3.405014709e+05  -2.241979010e+03  3.427434499e+05  2.748323710e+02  4.008307442e+05
1.126000000e+01  3.405000395e+05  -3.027824957e+03  3.435278645e+05  2.754613619e+02  3.933067543e+05
1.128000000e+01  3.405090650e+05  -3.720656423e+03  3.442297214e+05  2.760241532e+02  3.861343882e+05
1.130000000e+01  3.405211723e+05  -4.188439568e+03  3.447096119e+05  2.764089583e+02  3.803967306e+05
1.132000000e+01  3.405314178e+05  -4.427822427e+03  3.449592402e+05  2.766091254e+02  3.762994063e+05
1.134000000e+01  3.405383282e+05  -4.496207760e+03  3.450345360e+05  2.766695020e+02  3.735812363e+05
1.136000000e+01  3.405422640e+05  -4.458379487e+03  3.450006435e+05  2.766423250e+02  3.718676387e+05
1.138000000e+01  3.405440789e+05  -4.365193863e+03  3.449092727e+05  2.765690584e+02  3.708311685e+05
1.140000000e+01  3.405445462e+05  -4.250752794e+03  3.447952990e+05  2.764776674e+02  3.702302933e+05
1.142000000e+01  3.405442230e+05  -4.135883393e+03  3.446801064e+05  2.763852990e+02  3.699003569e+05
1.144000000e+01  3.405434709e+05  -4.032376639e+03  3.445758476e+05  2.763016980e+02  3.697335985e+05
1.146000000e+01  3.405425122e+05  -3.946323749e+03  3.444888360e+05  2.762319268e+02  3.696611327e+05
1.148000000e+01  3.405414776e+05  -3.880387675e+03  3.444218653e+05  2.761782257e+02  3.696396601e+05
1.150000000e+01  3.405404410e+05  -3.835250071e+03  3.443756911e+05  2.761412004e+02  3.696424236e+05
1.152000000e+01  3.405394418e+05  -3.810501277e+03  3.443499430e+05  2.761205541e+02  3.696532741e+05
1.154000000e+01  3.405384986e+05  -3.805176060e+03  3.443436746e+05  2.761155277e+02  3.696628434e+05
1.156000000e+01  3.405376181e+05  -3.818070620e+03  3.443556887e+05  2.761251613e+02  3.696660985e+05
1.158000000e+01  3.405368000e+05  -3.847926335e+03  3.443847263e+05  2.761484455e+02  3.696607949e+05
1.160000000e+01  3.405360403e+05  -3.893532509e+03  3.444295728e+05  2.761844061e+02  3.696465182e+05
1.162000000e+01  3.405353333e+05  -3.953779160e+03  3.444891125e+05  2.762321486e+02  3.696241240e+05
1.164000000e+01  3.405346728e+05  -4.027677530e+03  3.445623503e+05  2.762908751e+02  3.695954611e+05
1.166000000e+01  3.405340532e+05  -4.114357315e+03  3.446484105e+05  2.763598834e+02  3.695633139e+05
1.168000000e+01  3.405334707e+05  -4.213043725e+03  3.447465144e+05  2.764385490e+02  3.695315394e+05
1.170000000e+01  3.405329242e+05  -4.323012884e+03  3.448559371e+05  2.765262906e+02  3.695053984e+05
1.172000000e+01  3.405324169e+05  -4.443519874e+03  3.449759368e+05  2.766225137e+02  3.694921068e+05
1.174000000e+01  3.405319590e+05  -4.573688870e+03  3.451056478e+05  2.767265238e+02  3.695016579e+05
1.176000000e+01  3.405315702e+05  -4.712348516e+03  3.452439187e+05  2.768373977e+02  3.695480017e+05
1.178000000e+01  3.405312852e+05  -4.857786565e+03  3.453890718e+05  2.769537902e+02  3.696507072e+05
1.180000000e+01  3.405311607e+05  -5.007384690e+03  3.455385454e+05  2.770736472e+02  3.698372966e+05
1.182000000e+01  3.405312858e+05  -5.157076094e+03  3.456883619e+05  2.771937791e+02  3.701465081e+05
1.184000000e+01  3.405317971e+05  -5.300547373e+03  3.458323444e+05  2.773092330e+02  3.706328061e+05
1.186000000e+01  3.405328991e+05  -5.428091069e+03  3.459609902e+05  2.774123889e+02  3.713724135e+05
1.188000000e+01  3.405348830e+05  -5.525039294e+03  3.460599223e+05  2.774917186e+02  3.724707272e+05
1.190000000e+01  3.405381304e+05  -5.569944394e+03  3.461080748e+05  2.775303302e+02  3.740693230e+05
1.192000000e+01  3.405430477e+05  -5.533274305e+03  3.460763220e+05  2.775048689e+02  3.763464221e+05
1.194000000e+01  3.405498123e+05  -5.379135116e+03  3.459289474e+05  2.773866950e+02  3.794942067e+05
1.196000000e+01  3.405577756e+05  -5.075296542e+03  3.456330722e+05  2.771494444e+02  3.836396695e+05
1.198000000e+01  3.405644700e+05  -4.619919476e+03  3.451843895e+05  2.767896636e+02  3.886640804e+05
1.200000000e+01  3.405652119e+05  -4.084458546e+03  3.446496704e+05  2.763608936e+02  3.939369347e+05
1.202000000e+01  3.405555085e+05  -3.639382348e+03  3.441948908e+05  2.759962239e+02  3.981898907e+05
1.204000000e+01  3.405366464e+05  -3.493858533e+03  3.440305049e+05  2.758644093e+02  3.999569195e+05
1.206000000e+01  3.405176037e+05  -3.745869497e+03  3.442634732e+05  2.760512174e+02  3.985692502e+05
1.208000000e+01  3.405075055e+05  -4.294848637e+03  3.448023542e+05  2.764833247e+02  3.947235010e+05
1.210000000e+01  3.405079418e+05  -4.931213408e+03  3.454391552e+05  2.769939501e+02  3.898997666e+05
1.212000000e+01  3.405146777e+05  -5.483771410e+03  3.459984491e+05  2.774424257e+02  3.853817020e+05
1.214000000e+01  3.405231833e+05  -5.876705491e+03  3.463998887e+05  2.777643242e+02  3.818366191e+05
1.216000000e+01  3.405310588e+05  -6.103486966e+03  3.466345457e+05  2.779524864e+02  3.794423855e+05
1.218000000e+01  3.405376181e+05  -6.185973725e+03  3.467235919e+05  2.780238889e+02  3.781379158e+05
1.220000000e+01  3.405428727e+05  -6.150942901e+03  3.466938156e+05  2.780000125e+02  3.777798660e+05
1.222000000e+01  3.405468497e+05  -6.023973345e+03  3.465708230e+05  2.779013897e+02  3.781929907e+05
1.224000000e+01  3.405493008e+05  -5.832744881e+03  3.463820457e+05  2.777500166e+02  3.791597030e+05
1.226000000e+01  3.405497335e+05  -5.612746817e+03  3.461624803e+05  2.775739558e+02  3.803941429e+05
1.228000000e+01  3.405477506e+05  -5.409085262e+03  3.459568359e+05  2.774090577e+02  3.815428269e+05
1.230000000e+01  3.405435582e+05  -5.269283557e+03  3.458128418e+05  2.772935946e+02  3.822443729e+05
1.232000000e+01  3.405382318e+05  -5.227616819e+03  3.457658486e+05  2.772559126e+02  3.822421582e+05
1.234000000e+01  3.405333506e+05  -5.290425990e+03  3.458237766e+05  2.773023627e+02  3.814861112e+05
1.236000000e+01  3.405301866e+05  -5.434315430e+03  3.459645020e+05  2.774152049e+02  3.801454836e+05
1.238000000e+01  3.405291400e+05  -5.619159228e+03  3.461482992e+05  2.775625845e+02  3.785201667e+05
1.240000000e+01  3.405298216e+05  -5.805703577e+03  3.463355252e+05  2.777127136e+02  3.769176608e+05
1.242000000e+01  3.405315242e+05  -5.966662546e+03  3.464981867e+05  2.778431455e+02  3.755702860e+05
1.244000000e+01  3.405336342e+05  -6.088414803e+03  3.466220490e+05  2.779424657e+02  3.746148925e+05
1.246000000e+01  3.405357973e+05  -6.166992702e+03  3.467027900e+05  2.780072087e+02  3.741132468e+05
1.248000000e+01  3.405379005e+05  -6.202881673e+03  3.467407822e+05  2.780376731e+02  3.740836122e+05
1.250000000e+01  3.405399868e+05  -6.197046970e+03  3.467370337e+05  2.780346674e+02  3.745263073e+05
1.252000000e+01  3.405421708e+05  -6.148715723e+03  3.466908865e+05  2.779976638e+02  3.754381946e+05
1.254000000e+01  3.405445646e+05  -6.054723244e+03  3.465992878e+05  2.779242144e+02  3.768162827e+05
1.256000000e+01  3.405471858e+05  -5.910457360e+03  3.464576432e+05  2.778106352e+02  3.786499187e+05
1.258000000e+01  3.405498080e+05  -5.713188902e+03  3.462629969e+05  2.776545561e+02  3.808972290e+05
1.260000000e+01  3.405517662e+05  -5.468961087e+03  3.460207273e+05  2.774602897e+02  3.834400012e+05
1.262000000e+01  3.405518579e+05  -5.202818804e+03  3.457546767e+05  2.772469543e+02  3.860223471e+05
1.264000000e+01  3.405487496e+05  -4.966502891e+03  3.455152524e+05  2.770549695e+02  3.882146068e+05
1.266000000e+01  3.405420812e+05  -4.830483231e+03  3.453725644e+05  2.769405536e+02  3.894853271e+05
1.268000000e+01  3.405335232e+05  -4.852112823e+03  3.453856361e+05  2.769510353e+02  3.894270812e+05
1.270000000e+01  3.405262842e+05  -5.036722253e+03  3.455630064e+05  2.770932615e+02  3.880189484e+05
1.272000000e+01  3.405230188e+05  -5.327455135e+03  3.458504739e+05  2.773237703e+02  3.856919237e+05
1.274000000e+01  3.405242864e+05  -5.635281726e+03  3.461595681e+05  2.775716207e+02  3.831237405e+05
1.276000000e+01  3.405285309e+05  -5.882215296e+03  3.464107462e+05  2.777730304e+02  3.809487177e+05
1.278000000e+01  3.405351232e+05  -6.015014408e+03  3.465501376e+05  2.778848028e+02  3.796157741e+05
1.280000000e+01  3.405425461e+05  -6.005991154e+03  3.465485373e+05  2.778835196e+02  3.793733251e+05
1.282000000e+01  3.405500988e+05  -5.846144608e+03  3.463962434e+05  2.777614011e+02  3.803105441e+05
1.284000000e+01  3.405568784e+05  -5.541531845e+03  3.460984102e+05  2.775225805e+02  3.823676902e+05
1.286000000e+01  3.405612492e+05  -5.123405838e+03  3.456846551e+05  2.771908067e+02  3.852750904e+05
1.288000000e+01  3.405610634e+05  -4.662468441e+03  3.452235319e+05  2.768210503e+02  3.884771964e+05
1.290000000e+01  3.405552088e+05  -4.265034821e+03  3.448202436e+05  2.764976695e+02  3.911834080e+05
1.292000000e+01  3.405455746e+05  -4.030425190e+03  3.445759998e+05  2.763018200e+02  3.926690767e+05
1.294000000e+01  3.405366986e+05  -3.988791505e+03  3.445254901e+05  2.762613183e+02  3.926910629e+05
1.296000000e+01  3.405323879e+05  -4.080553498e+03  3.446129414e+05  2.763314421e+02  3.916225943e+05
1.298000000e+01  3.405329454e+05  -4.204829109e+03  3.447377745e+05  2.764315408e+02  3.901351229e+05
1.300000000e+01  3.405358292e+05  -4.288020646e+03  3.448238498e+05  2.765005611e+02  3.887408544e+05
1.302000000e+01  3.405381016e+05  -4.315561554e+03  3.448536632e+05  2.765244673e+02  3.875696936e+05
1.304000000e+01  3.405381963e+05  -4.319105216e+03  3.448573015e+05  2.765273848e+02  3.864424882e+05
1.306000000e+01  3.405363185e+05  -4.342763559e+03  3.448790821e+05  2.765448497e+02  3.850921382e+05
1.308000000e+01  3.405337986e+05  -4.413105922e+03  3.449469045e+05  2.765992338e+02  3.833669546e+05
1.310000000e+01  3.405320064e+05  -4.527905879e+03  3.450599123e+05  2.766898503e+02  3.813117254e+05
1.312000000e+01  3.405315786e+05  -4.664482262e+03  3.451960608e+05  2.767990224e+02  3.791166467e+05
1.314000000e+01  3.405323567e+05  -4.796163651e+03  3.453285204e+05  2.769052364e+02  3.770076538e+05
1.316000000e+01  3.405337983e+05  -4.904274101e+03  3.454380724e+05  2.769930819e+02  3.751621386e+05
1.318000000e+01  3.405353993e+05  -4.981142205e+03  3.455165415e+05  2.770560031e+02  3.736831131e+05
1.320000000e+01  3.405369098e+05  -5.026711541e+03  3.455636213e+05  2.770937546e+02  3.726176968e+05
1.322000000e+01  3.405383808e+05  -5.042792847e+03  3.455811737e+05  2.771078291e+02  3.719939439e+05
1.324000000e+01  3.405401626e+05  -5.027073569e+03  3.455672362e+05  2.770966532e+02  3.718606075e+05
1.326000000e+01  3.405429327e+05  -4.966931858e+03  3.455098646e+05  2.770506491e+02  3.723269279e+05
1.328000000e+01  3.405477568e+05  -4.832275188e+03  3.453800320e+05  2.769465416e+02  3.736041842e+05
1.330000000e+01  3.405560396e+05  -4.567891762e+03  3.451239313e+05  2.767411846e+02  3.760415974e+05
1.332000000e+01  3.405688852e+05  -4.091727389e+03  3.446606126e+05  2.763696677e+02  3.801112470e+05
1.334000000e+01  3.405848520e+05  -3.320728673e+03  3.439055806e+05  2.757642375e+02  3.862063320e+05
1.336000000e+01  3.405957438e+05  -2.264043104e+03  3.428597869e+05  2.749256571e+02  3.940254068e+05
1.338000000e+01  3.405861768e+05  -1.179206753e+03  3.417653836e+05  2.740480985e+02  4.016255583e+05
1.340000000e+01  3.405496819e+05  -5.796737951e+02  3.411293557e+05  2.735380930e+02  4.054989942e+05
1.342000000e+01  3.405079816e+05  -8.201550938e+02  3.413281367e+05  2.736974876e+02  4.032932648e+05
1.344000000e+01  3.404893622e+05  -1.681022533e+03  3.421703847e+05  2.743728528e+02  3.964521562e+05
1.346000000e+01  3.404953833e+05  -2.634997552e+03  3.431303809e+05  2.751426356e+02  3.885253469e+05
1.348000000e+01  3.405108337e+05  -3.342591833e+03  3.438534255e+05  2.757224164e+02  3.819629613e+05
1.350000000e+01  3.405247739e+05  -3.744814629e+03  3.442695885e+05  2.760561210e+02  3.773978215e+05
1.352000000e+01  3.405340885e+05  -3.914786214e+03  3.444488747e+05  2.761998835e+02  3.745175913e+05
1.354000000e+01  3.405393613e+05  -3.942268254e+03  3.444816295e+05  2.762261483e+02  3.728097981e+05
1.356000000e+01  3.405419360e+05  -3.894313464e+03  3.444362495e+05  2.761897598e+02  3.718503331e+05
1.358000000e+01  3.405429138e+05  -3.812867253e+03  3.443557810e+05  2.761252354e+02  3.713497273e+05
1.360000000e+01  3.405429859e+05  -3.722291916e+03  3.442652778e+05  2.760526644e+02  3.711248134e+05
1.362000000e+01  3.405426395e+05  -3.634915511e+03  3.441775551e+05  2.759823230e+02  3.710663265e+05
1.364000000e+01  3.405420897e+05  -3.556866074e+03  3.440989558e+05  2.759192974e+02  3.711096948e+05
1.366000000e+01  3.405414737e+05  -3.490661532e+03  3.440321352e+05  2.758657166e+02  3.712182437e+05
1.368000000e+01  3.405408683e+05  -3.436758523e+03  3.439776269e+05  2.758220085e+02  3.713727123e+05
1.370000000e+01  3.405403181e+05  -3.394445900e+03  3.439347640e+05  2.757876385e+02  3.715649031e+05
1.372000000e+01  3.405398504e+05  -3.362317554e+03  3.439021680e+05  2.757615011e+02  3.717939282e+05
1.374000000e+01  3.405394856e+05  -3.338506305e+03  3.438779919e+05  2.757421152e+02  3.720639798e+05
1.376000000e+01  3.405392396e+05  -3.320783982e+03  3.438600236e+05  2.757277072e+02  3.723829386e+05
1.378000000e+01  3.405391266e+05  -3.306624313e+03  3.438457509e+05  2.757162624e+02  3.727612844e+05
1.380000000e+01  3.405391566e+05  -3.293256276e+03  3.438324128e+05  2.757055672e+02  3.732109765e+05
1.382000000e+01  3.405393316e+05  -3.277780840e+03  3.438171125e+05  2.756932984e+02  3.737438892e+05
1.384000000e+01  3.405396371e+05  -3.257411421e+03  3.437970485e+05  2.756772099e+02  3.743694240e+05
1.386000000e+01  3.405400352e+05  -3.229889517e+03  3.437699248e+05  2.756554605e+02  3.750909961e+05
1.388000000e+01  3.405404490e+05  -3.194103635e+03  3.437345526e+05  2.756270969e+02  3.759013140e+05
1.390000000e+01  3.405407597e+05  -3.150914347e+03  3.436916741e+05  2.755927144e+02  3.767768439e+05
1.392000000e+01  3.405408146e+05  -3.103940616e+03  3.436447552e+05  2.755550920e+02  3.776730358e+05
1.394000000e+01  3.405404565e+05  -3.059973442e+03  3.436004300e+05  2.755195493e+02  3.785228442e+05
1.396000000e+01  3.405395785e+05  -3.028524718e+03  3.435681032e+05  2.754936278e+02  3.792417421e+05
1.398000000e+01  3.405381848e+05  -3.020172283e+03  3.435583571e+05  2.754858127e+02  3.797411776e+05
1.400000000e+01  3.405364261e+05  -3.043890797e+03  3.435803169e+05  2.755034214e+02  3.799487081e+05
1.402000000e+01  3.405345736e+05  -3.104281125e+03  3.436388547e+05  2.755503606e+02  3.798282207e+05
1.404000000e+01  3.405329330e+05  -3.199981970e+03  3.437329150e+05  2.756257838e+02  3.793913423e+05
1.406000000e+01  3.405317395e+05  -3.324097881e+03  3.438558374e+05  2.757243504e+02  3.786943432e+05
1.408000000e+01  3.405310914e+05  -3.466405558e+03  3.439974970e+05  2.758379416e+02  3.778221510e+05
1.410000000e+01  3.405309490e+05  -3.616210866e+03  3.441471599e+05  2.759579503e+02  3.768672074e+05
1.412000000e+01  3.405311775e+05  -3.764675522e+03  3.442958530e+05  2.760771815e+02  3.759115953e+05
1.414000000e+01  3.405316358e+05  -3.905885244e+03  3.444375210e+05  2.761907794e+02  3.750173486e+05
1.416000000e+01  3.405321823e+05  -4.036795927e+03  3.445689782e+05  2.762961897e+02  3.742247104e+05
1.418000000e+01  3.405327235e+05  -4.156698835e+03  3.446894223e+05  2.763927691e+02  3.735551965e+05
1.420000000e+01  3.405332088e+05  -4.266298925e+03  3.447995077e+05  2.764810422e+02  3.730171301e+05
1.422000000e+01  3.405336225e+05  -4.366930263e+03  3.449005528e+05  2.765620662e+02  3.726109992e+05
1.424000000e+01  3.405339729e+05  -4.459973707e+03  3.449939466e+05  2.766369550e+02  3.723337295e+05
1.426000000e+01  3.405342823e+05  -4.546482212e+03  3.450807645e+05  2.767065709e+02  3.721816453e+05
1.428000000e+01  3.405345809e+05  -4.626970221e+03  3.451615511e+05  2.767713504e+02  3.721522799e+05
1.430000000e+01  3.405349015e+05  -4.701315839e+03  3.452362173e+05  2.768312223e+02  3.722453075e+05
1.432000000e+01  3.405352769e+05  -4.768735773e+03  3.453040126e+05  2.768855847e+02  3.724628374e+05
1.434000000e+01  3.405357376e+05  -4.827810346e+03  3.453635480e+05  2.769333237e+02  3.728092147e+05
1.436000000e+01  3.405363096e+05  -4.876553524e+03  3.454128631e+05  2.769728675e+02  3.732903764e+05
1.438000000e+01  3.405370105e+05  -4.912539459e+03  3.454495500e+05  2.770022853e+02  3.739127063e+05
1.440000000e+01  3.405378452e+05  -4.933112072e+03  3.454709573e+05  2.770194509e+02  3.746812511e+05
1.442000000e+01  3.405387984e+05  -4.935715542e+03  3.454745139e+05  2.770223029e+02  3.755971146e+05
1.444000000e+01  3.405398083e+05  -4.919673116e+03  3.454594814e+05  2.770102489e+02  3.766511820e+05
1.446000000e+01  3.405408234e+05  -4.883226604e+03  3.454240500e+05  2.769818378e+02  3.778269963e+05
1.448000000e+01  3.405417105e+05  -4.827588588e+03  3.453692991e+05  2.769379353e+02  3.790892241e+05
1.450000000e+01  3.405423176e+05  -4.756870781e+03  3.452991884e+05  2.768817163e+02  3.803810917e+05
1.452000000e+01  3.405424909e+05  -4.678311236e+03  3.452208021e+05  2.768188614e+02  3.816238605e+05
1.454000000e+01  3.405421238e+05  -4.601826747e+03  3.451439506e+05  2.767572373e+02  3.827219051e+05
1.456000000e+01  3.405412130e+05  -4.538465811e+03  3.450796788e+05  2.767057003e+02  3.835753555e+05
1.458000000e+01  3.405398893e+05  -4.497959978e+03  3.450378493e+05  2.766721588e+02  3.840986956e+05
1.460000000e+01  3.405383987e+05  -4.486139085e+03  3.450245378e+05  2.766614849e+02  3.842397282e+05
1.462000000e+01  3.405370292e+05  -4.503324469e+03  3.450403536e+05  2.766741670e+02  3.839912719e+05
1.464000000e+01  3.405360192e+05  -4.544456506e+03  3.450804757e+05  2.767063393e+02  3.833904889e+05
1.466000000e+01  3.405354959e+05  -4.600807444e+03  3.451363033e+05  2.767511052e+02  3.825068159e+05
1.468000000e+01  3.405354670e+05  -4.662385253e+03  3.451978523e+05  2.768004589e+02  3.814246039e+05
1.470000000e+01  3.405358558e+05  -4.720002802e+03  3.452558586e+05  2.768469719e+02  3.802274765e+05
1.472000000e+01  3.405365479e+05  -4.766474744e+03  3.453030227e+05  2.768847908e+02  3.789883537e+05
1.474000000e+01  3.405374276e+05  -4.796961615e+03  3.453343892e+05  2.769099424e+02  3.777653300e+05
1.476000000e+01  3.405383959e+05  -4.808780139e+03  3.453471760e+05  2.769201957e+02  3.766014810e+05
1.478000000e+01  3.405393752e+05  -4.801002822e+03  3.453403780e+05  2.769147446e+02  3.755264968e+05
1.480000000e+01  3.405403045e+05  -4.774052514e+03  3.453143570e+05  2.768938794e+02  3.745587809e+05
1.482000000e+01  3.405411501e+05  -4.729330898e+03  3.452704810e+05  2.768586970e+02  3.737075501e+05
1.484000000e+01  3.405418821e+05  -4.668843194e+03  3.452107253e+05  2.768107812e+02  3.729748993e+05
1.486000000e+01  3.405424858e+05  -4.595031695e+03  3.451375175e+05  2.767520788e+02  3.723573706e+05
1.488000000e+01  3.405429564e+05  -4.510525758e+03  3.450534821e+05  2.766846942e+02  3.718476326e+05
1.490000000e+01  3.405432963e+05  -4.417971481e+03  3.449612678e+05  2.766107512e+02  3.714358780e+05
1.492000000e+01  3.405435135e+05  -4.319906143e+03  3.448634197e+05  2.765322906e+02  3.711109769e+05
1.494000000e+01  3.405436189e+05  -4.218675027e+03  3.447622939e+05  2.764512019e+02  3.708613678e+05
1.496000000e+01  3.405436249e+05  -4.116385019e+03  3.446600100e+05  2.763691845e+02  3.706756983e+05
1.498000000e+01  3.405435446e+05  -4.014887290e+03  3.445584319e+05  2.762877331e+02  3.705432487e+05
1.500000000e+01  3.405433902e+05  -3.915780809e+03  3.444591710e+05  2.762081397e+02  3.704541811e+05
1.502000000e+01  3.405431728e+05  -3.820429086e+03  3.443636019e+05  2.761315066e+02  3.703996596e+05
1.504000000e+01  3.405429026e+05  -3.729983787e+03  3.442728864e+05  2.760587655e+02  3.703718827e+05
1.506000000e+01  3.405425883e+05  -3.645410292e+03  3.441879986e+05  2.759906973e+02  3.703640610e+05
1.508000000e+01  3.405422373e+05  -3.567511543e+03  3.441097489e+05  2.759279519e+02  3.703703666e+05
1.510000000e+01  3.405418566e+05  -3.496947562e+03  3.440388042e+05  2.758710642e+02  3.703858728e+05
1.512000000e+01  3.405414524e+05  -3.434248885e+03  3.439757013e+05  2.758204645e+02  3.704064975e+05
1.514000000e+01  3.405410307e+05  -3.379822803e+03  3.439208535e+05  2.757764843e+02  3.704289559e+05
1.516000000e+01  3.405405981e+05  -3.333952060e+03  3.438745502e+05  2.757393554e+02  3.704507270e+05
1.518000000e+01  3.405401614e+05  -3.296786414e+03  3.438369478e+05  2.757092036e+02  3.704700300e+05
1.520000000e+01  3.405397284e+05  -3.268328586e+03  3.438080570e+05  2.756860372e+02  3.704858027e+05
1.522000000e+01  3.405393077e+05  -3.248417357e+03  3.437877251e+05  2.756697339e+02  3.704976698e+05
1.524000000e+01  3.405389086e+05  -3.236712047e+03  3.437756207e+05  2.756600278e+02  3.705058848e+05
1.526000000e+01  3.405385405e+05  -3.232683834e+03  3.437712243e+05  2.756565026e+02  3.705112249e+05
1.528000000e+01  3.405382122e+05  -3.235620016e+03  3.437738322e+05  2.756585937e+02  3.705148285e+05
1.530000000e+01  3.405379308e+05  -3.244649153e+03  3.437825800e+05  2.756656082e+02  3.705179620e+05
1.532000000e+01  3.405377010e+05  -3.258778589e+03  3.437964796e+05  2.756767538e+02  3.705217621e+05
1.534000000e+01  3.405375235e+05  -3.276962798e+03  3.438144863e+05  2.756911926e+02  3.705269506e+05
1.536000000e+01  3.405373951e+05  -3.298181822e+03  3.438355769e+05  2.757081044e+02  3.705336217e+05
1.538000000e+01  3.405373089e+05  -3.321519607e+03  3.438588285e+05  2.757267489e+02  3.705411828e+05
1.540000000e+01  3.405372549e+05  -3.346231466e+03  3.438834864e+05  2.757465211e+02  3.705485114e+05
1.542000000e+01  3.405372220e+05  -3.371787563e+03  3.439090095e+05  2.757669870e+02  3.705543644e+05
1.544000000e+01  3.405371987e+05  -3.397886327e+03  3.439350850e+05  2.757878959e+02  3.705580071e+05
1.546000000e+01  3.405371752e+05  -3.424439068e+03  3.439616143e+05  2.758091687e+02  3.705599694e+05
