4.000000000e-02  3.831247938e+05  -7.711723478e+01  3.832019110e+05  3.072744054e+02  4.239820796e+05
8.000000000e-02  3.831247867e+05  -7.793770504e+01  3.832027244e+05  3.072750576e+02  4.239802639e+05
1.200000000e-01  3.831247793e+05  -7.890348693e+01  3.832036827e+05  3.072758261e+02  4.239781266e+05
1.600000000e-01  3.831247715e+05  -8.002109639e+01  3.832047926e+05  3.072767160e+02  4.239756534e+05
2.000000000e-01  3.831247633e+05  -8.129867709e+01  3.832060619e+05  3.072777339e+02  4.239728263e+05
2.400000000e-01  3.831247545e+05  -8.274614844e+01  3.832075006e+05  3.072788875e+02  4.239696233e+05
2.800000000e-01  3.831247451e+05  -8.437540833e+01  3.832091205e+05  3.072801864e+02  4.239660182e+05
3.200000000e-01  3.831247349e+05  -8.620060024e+01  3.832109355e+05  3.072816418e+02  4.239619797e+05
3.600000000e-01  3.831247238e+05  -8.823845825e+01  3.832129623e+05  3.072832670e+02  4.239574707e+05
4.000000000e-01  3.831247117e+05  -9.050874832e+01  3.832152204e+05  3.072850777e+02  4.239524477e+05
4.400000000e-01  3.831246982e+05  -9.303483012e+01  3.832177331e+05  3.072870925e+02  4.239468591e+05
4.800000000e-01  3.831246833e+05  -9.584437109e+01  3.832205277e+05  3.072893334e+02  4.239406437e+05
5.200000000e-01  3.831246666e+05  -9.897025366e+01  3.832236369e+05  3.072918265e+02  4.239337291e+05
5.600000000e-01  3.831246478e+05  -1.024517271e+02  3.832270995e+05  3.072946031e+02  4.239260286e+05
6.000000000e-01  3.831246264e+05  -1.063358677e+02  3.832309622e+05  3.072977004e+02  4.239174384e+05
6.400000000e-01  3.831246018e+05  -1.106794246e+02  3.832352813e+05  3.073011637e+02  4.239078337e+05
6.800000000e-01  3.831245735e+05  -1.155511391e+02  3.832401247e+05  3.073050475e+02  4.238970631e+05
7.200000000e-01  3.831245407e+05  -1.210346365e+02  3.832455753e+05  3.073094181e+02  4.238849430e+05
7.600000000e-01  3.831245022e+05  -1.272319884e+02  3.832517341e+05  3.073143566e+02  4.238712493e+05
8.000000000e-01  3.831244568e+05  -1.342680317e+02  3.832587248e+05  3.073199622e+02  4.238557089e+05
8.400000000e-01  3.831244030e+05  -1.422954866e+02  3.832666985e+05  3.073263559e+02  4.238379882e+05
8.800000000e-01  3.831243390e+05  -1.515008382e+02  3.832758398e+05  3.073336860e+02  4.238176814e+05
9.200000000e-01  3.831242626e+05  -1.621107981e+02  3.832863734e+05  3.073421325e+02  4.237942970e+05
9.600000000e-01  3.831241712e+05  -1.743989313e+02  3.832985702e+05  3.073519126e+02  4.237672453e+05
1.000000000e+00  3.831240622e+05  -1.886916996e+02  3.833127539e+05  3.073632860e+02  4.237358270e+05
1.040000000e+00  3.831239326e+05  -2.053727389e+02  3.833293054e+05  3.073765579e+02  4.236992273e+05
1.080000000e+00  3.831237796e+05  -2.248837253e+02  3.833486633e+05  3.073920803e+02  4.236565182e+05
1.120000000e+00  3.831236006e+05  -2.477198753e+02  3.833713205e+05  3.074102482e+02  4.236066729e+05
1.160000000e+00  3.831233941e+05  -2.744183222e+02  3.833978124e+05  3.074314910e+02  4.235485962e+05
1.200000000e+00  3.831231594e+05  -3.055388432e+02  3.834286982e+05  3.074562571e+02  4.234811695e+05
1.240000000e+00  3.831228972e+05  -3.416392857e+02  3.834645365e+05  3.074849944e+02  4.234033034e+05
1.280000000e+00  3.831226093e+05  -3.832527920e+02  3.835058621e+05  3.075181317e+02  4.233139817e+05
1.320000000e+00  3.831222968e+05  -4.308798333e+02  3.835531767e+05  3.075560714e+02  4.232122692e+05
1.360000000e+00  3.831219591e+05  -4.850127853e+02  3.836069719e+05  3.075992077e+02  4.230972543e+05
1.400000000e+00  3.831215899e+05  -5.462105679e+02  3.836678005e+05  3.076479837e+02  4.229679076e+05
1.440000000e+00  3.831211751e+05  -6.152324765e+02  3.837364076e+05  3.077029970e+02  4.228228629e+05
1.480000000e+00  3.831206904e+05  -6.932243431e+02  3.838139147e+05  3.077651469e+02  4.226601591e+05
1.520000000e+00  3.831201003e+05  -7.819336144e+02  3.839020339e+05  3.078358062e+02  4.224770042e+05
1.560000000e+00  3.831193590e+05  -8.839246807e+02  3.840032837e+05  3.079169944e+02  4.222696218e+05
1.600000000e+00  3.831184108e+05  -1.002781390e+03  3.841211922e+05  3.080115405e+02  4.220332519e+05
1.640000000e+00  3.831171885e+05  -1.143316800e+03  3.842605053e+05  3.081232502e+02  4.217624670e+05
1.680000000e+00  3.831156107e+05  -1.311831359e+03  3.844274421e+05  3.082571101e+02  4.214523484e+05
1.720000000e+00  3.831135858e+05  -1.516385056e+03  3.846299709e+05  3.084195100e+02  4.211022884e+05
1.760000000e+00  3.831110620e+05  -1.766627271e+03  3.848776893e+05  3.086181455e+02  4.207279026e+05
1.800000000e+00  3.831082649e+05  -2.071101440e+03  3.851793663e+05  3.088600484e+02  4.203982957e+05
1.840000000e+00  3.831066643e+05  -2.423836021e+03  3.855305003e+05  3.091416088e+02  4.203553349e+05
1.880000000e+00  3.831126850e+05  -2.748965988e+03  3.858616510e+05  3.094071454e+02  4.214069623e+05
1.920000000e+00  3.831496091e+05  -2.697636617e+03  3.858472457e+05  3.093955943e+02  4.261696166e+05
1.960000000e+00  3.832581658e+05  -1.203240461e+03  3.844614062e+05  3.082843447e+02  4.412559503e+05
2.000000000e+00  3.832412350e+05  1.911953958e+03  3.813292810e+05  3.057728177e+02  4.654504167e+05
2.040000000e+00  3.829489855e+05  8.198385154e+02  3.821291470e+05  3.064141985e+02  4.590568903e+05
2.080000000e+00  3.830139303e+05  -2.449252971e+03  3.854631833e+05  3.090876299e+02  4.355040866e+05
2.120000000e+00  3.831040100e+05  -3.601756957e+03  3.867057670e+05  3.100840085e+02  4.251437555e+05
2.160000000e+00  3.831310540e+05  -3.674432803e+03  3.868054869e+05  3.101639699e+02  4.228535165e+05
2.200000000e+00  3.831347771e+05  -3.491643969e+03  3.866264211e+05  3.100203842e+02  4.231023152e+05
2.240000000e+00  3.831309414e+05  -3.325908025e+03  3.864568495e+05  3.098844114e+02  4.236166347e+05
2.280000000e+00  3.831253048e+05  -3.262868376e+03  3.863881732e+05  3.098293426e+02  4.234974670e+05
2.320000000e+00  3.831214299e+05  -3.298413164e+03  3.864198431e+05  3.098547375e+02  4.226603247e+05
2.360000000e+00  3.831203597e+05  -3.381761207e+03  3.865021209e+05  3.099207127e+02  4.215141505e+05
2.400000000e+00  3.831210644e+05  -3.465888956e+03  3.865869534e+05  3.099887366e+02  4.205480704e+05
2.440000000e+00  3.831227193e+05  -3.525956880e+03  3.866486761e+05  3.100382296e+02  4.201310740e+05
2.480000000e+00  3.831262710e+05  -3.536691110e+03  3.866629621e+05  3.100496849e+02  4.206081750e+05
2.520000000e+00  3.831345912e+05  -3.432795186e+03  3.865673864e+05  3.099730466e+02  4.225098054e+05
2.560000000e+00  3.831492629e+05  -3.094049680e+03  3.862433126e+05  3.097131847e+02  4.265441359e+05
2.600000000e+00  3.831581251e+05  -2.483977595e+03  3.856421027e+05  3.092310983e+02  4.325396057e+05
2.640000000e+00  3.831331209e+05  -2.018312430e+03  3.851514333e+05  3.088376500e+02  4.371182568e+05
2.680000000e+00  3.830928463e+05  -2.310666068e+03  3.854035124e+05  3.090397822e+02  4.358761296e+05
2.720000000e+00  3.830902469e+05  -3.057027355e+03  3.861472742e+05  3.096361753e+02  4.310359252e+05
2.760000000e+00  3.831169254e+05  -3.497899279e+03  3.866148247e+05  3.100110855e+02  4.282278996e+05
2.800000000e+00  3.831465411e+05  -3.337876403e+03  3.864844175e+05  3.099065171e+02  4.297804307e+05
2.840000000e+00  3.831527109e+05  -2.776753830e+03  3.859294647e+05  3.094615225e+02  4.340572168e+05
2.880000000e+00  3.831166028e+05  -2.550636259e+03  3.856672391e+05  3.092512542e+02  4.355850272e+05
2.920000000e+00  3.830866667e+05  -3.097481152e+03  3.861841479e+05  3.096657428e+02  4.312968660e+05
2.960000000e+00  3.830939716e+05  -3.834505063e+03  3.869284767e+05  3.102625906e+02  4.255090508e+05
3.000000000e+00  3.831140592e+05  -4.251787530e+03  3.873658467e+05  3.106133002e+02  4.224769892e+05
3.040000000e+00  3.831397601e+05  -4.221307354e+03  3.873610674e+05  3.106094679e+02  4.236787279e+05
3.080000000e+00  3.831791720e+05  -3.536869045e+03  3.867160411e+05  3.100922469e+02  4.304120217e+05
3.120000000e+00  3.831911319e+05  -2.205400431e+03  3.853965323e+05  3.090341852e+02  4.416355663e+05
3.160000000e+00  3.831033650e+05  -1.704479810e+03  3.848078449e+05  3.085621401e+02  4.463845330e+05
3.200000000e+00  3.830616767e+05  -2.804074486e+03  3.858657512e+05  3.094104331e+02  4.392373853e+05
3.240000000e+00  3.831083444e+05  -3.642094895e+03  3.867504392e+05  3.101198294e+02  4.329951898e+05
3.280000000e+00  3.831448710e+05  -3.535870754e+03  3.866807417e+05  3.100639417e+02  4.329557796e+05
3.320000000e+00  3.831375759e+05  -3.147340748e+03  3.862849166e+05  3.097465453e+02  4.347391844e+05
3.360000000e+00  3.831098729e+05  -3.198693161e+03  3.863085660e+05  3.097655088e+02  4.332133805e+05
3.400000000e+00  3.831043304e+05  -3.608964795e+03  3.867132952e+05  3.100900450e+02  4.288781572e+05
3.440000000e+00  3.831170308e+05  -3.901799515e+03  3.870188303e+05  3.103350415e+02  4.252496839e+05
3.480000000e+00  3.831293119e+05  -3.924153517e+03  3.870534654e+05  3.103628141e+02  4.237362583e+05
3.520000000e+00  3.831356015e+05  -3.761235831e+03  3.868968373e+05  3.102372202e+02  4.238913152e+05
3.560000000e+00  3.831360369e+05  -3.534446769e+03  3.866704837e+05  3.100557162e+02  4.247820810e+05
3.600000000e+00  3.831316891e+05  -3.351652284e+03  3.864833414e+05  3.099056542e+02  4.254750950e+05
3.640000000e+00  3.831253937e+05  -3.282453890e+03  3.864078476e+05  3.098451187e+02  4.253329947e+05
3.680000000e+00  3.831208737e+05  -3.325714845e+03  3.864465886e+05  3.098761836e+02  4.243019780e+05
3.720000000e+00  3.831196092e+05  -3.425085719e+03  3.865446949e+05  3.099548512e+02  4.228100463e+05
3.760000000e+00  3.831204154e+05  -3.525009452e+03  3.866454248e+05  3.100356225e+02  4.213434212e+05
3.800000000e+00  3.831215937e+05  -3.602591948e+03  3.867241857e+05  3.100987777e+02  4.201736102e+05
3.840000000e+00  3.831222560e+05  -3.661232209e+03  3.867834882e+05  3.101463301e+02  4.193659362e+05
3.880000000e+00  3.831222770e+05  -3.713482488e+03  3.868357595e+05  3.101882443e+02  4.188903430e+05
3.920000000e+00  3.831218883e+05  -3.770080220e+03  3.868919685e+05  3.102333161e+02  4.187047841e+05
3.960000000e+00  3.831214159e+05  -3.835860968e+03  3.869572769e+05  3.102856843e+02  4.187921126e+05
4.000000000e+00  3.831211567e+05  -3.909285581e+03  3.870304423e+05  3.103443527e+02  4.191665497e+05
4.040000000e+00  3.831212696e+05  -3.984103641e+03  3.871053733e+05  3.104044369e+02  4.198593052e+05
4.080000000e+00  3.831216291e+05  -4.053613559e+03  3.871752426e+05  3.104604624e+02  4.208831723e+05
4.120000000e+00  3.831217854e+05  -4.117230816e+03  3.872390162e+05  3.105115999e+02  4.221840974e+05
4.160000000e+00  3.831214243e+05  -4.183326011e+03  3.873047503e+05  3.105643095e+02  4.236268733e+05
4.200000000e+00  3.831213065e+05  -4.256729834e+03  3.873780363e+05  3.106230746e+02  4.250902481e+05
4.240000000e+00  3.831229996e+05  -4.315758522e+03  3.874387581e+05  3.106717650e+02  4.266206109e+05
4.280000000e+00  3.831254697e+05  -4.326800914e+03  3.874522706e+05  3.106826001e+02  4.283127751e+05
4.320000000e+00  3.831225331e+05  -4.332941894e+03  3.874554750e+05  3.106851696e+02  4.297216607e+05
4.360000000e+00  3.831116306e+05  -4.488815922e+03  3.876004466e+05  3.108014165e+02  4.297310280e+05
4.400000000e+00  3.831053153e+05  -4.845592817e+03  3.879509081e+05  3.110824378e+02  4.281222940e+05
4.440000000e+00  3.831192081e+05  -5.136619286e+03  3.882558274e+05  3.113269404e+02  4.269867052e+05
4.480000000e+00  3.831567778e+05  -4.895319222e+03  3.880520970e+05  3.111635771e+02  4.296165401e+05
4.520000000e+00  3.831857207e+05  -3.884049834e+03  3.870697706e+05  3.103758885e+02  4.371001201e+05
4.560000000e+00  3.831286413e+05  -3.122588827e+03  3.862512301e+05  3.097195334e+02  4.416978421e+05
4.600000000e+00  3.830667055e+05  -3.851343323e+03  3.869180488e+05  3.102542288e+02  4.348125905e+05
4.640000000e+00  3.830870017e+05  -4.892611335e+03  3.879796130e+05  3.111054551e+02  4.247236771e+05
4.680000000e+00  3.831162820e+05  -5.321167000e+03  3.884374490e+05  3.114725756e+02  4.187270915e+05
4.720000000e+00  3.831275730e+05  -5.351836673e+03  3.884794097e+05  3.115062222e+02  4.161906745e+05
4.760000000e+00  3.831282034e+05  -5.281828254e+03  3.884100316e+05  3.114505907e+02  4.153070936e+05
4.800000000e+00  3.831249024e+05  -5.247294393e+03  3.883721967e+05  3.114202524e+02  4.150955795e+05
4.840000000e+00  3.831206694e+05  -5.291480447e+03  3.884121498e+05  3.114522892e+02  4.151835292e+05
4.880000000e+00  3.831169515e+05  -5.417110461e+03  3.885340619e+05  3.115500456e+02  4.155334723e+05
4.920000000e+00  3.831154810e+05  -5.597986819e+03  3.887134678e+05  3.116939041e+02  4.163831459e+05
4.960000000e+00  3.831205947e+05  -5.751396181e+03  3.888719909e+05  3.118210175e+02  4.184147848e+05
5.000000000e+00  3.831431279e+05  -5.647829623e+03  3.887909575e+05  3.117560400e+02  4.232530699e+05
5.040000000e+00  3.831956127e+05  -4.788645222e+03  3.879842579e+05  3.111091796e+02  4.339017532e+05
5.080000000e+00  3.832185645e+05  -2.968527598e+03  3.861870921e+05  3.096681037e+02  4.504385016e+05
5.120000000e+00  3.830948586e+05  -2.263028710e+03  3.853578873e+05  3.090031973e+02  4.576754879e+05
5.160000000e+00  3.830459375e+05  -3.704104507e+03  3.867500420e+05  3.101195108e+02  4.483244921e+05
5.200000000e+00  3.830942695e+05  -4.801854665e+03  3.878961242e+05  3.110385087e+02  4.392915613e+05
5.240000000e+00  3.831146615e+05  -5.142401679e+03  3.882570632e+05  3.113279314e+02  4.344717271e+05
5.280000000e+00  3.831113335e+05  -5.373710734e+03  3.884850443e+05  3.115107403e+02  4.301551617e+05
5.320000000e+00  3.831113816e+05  -5.662828181e+03  3.887742098e+05  3.117426107e+02  4.255497838e+05
5.360000000e+00  3.831201785e+05  -5.855176056e+03  3.889753545e+05  3.119039007e+02  4.221224796e+05
5.400000000e+00  3.831369684e+05  -5.794404210e+03  3.889313726e+05  3.118686333e+02  4.213836426e+05
5.440000000e+00  3.831715223e+05  -5.238520655e+03  3.884100430e+05  3.114505998e+02  4.251466539e+05
5.480000000e+00  3.832218700e+05  -3.775502763e+03  3.869973728e+05  3.103178356e+02  4.356054840e+05
5.520000000e+00  3.831827566e+05  -1.989721802e+03  3.851724784e+05  3.088545252e+02  4.474580690e+05
5.560000000e+00  3.830549076e+05  -2.296458906e+03  3.853513665e+05  3.089979685e+02  4.438449609e+05
5.600000000e+00  3.830586367e+05  -3.880103802e+03  3.869387405e+05  3.102708207e+02  4.302719122e+05
5.640000000e+00  3.831037479e+05  -4.712384692e+03  3.878161326e+05  3.109743666e+02  4.213480089e+05
5.680000000e+00  3.831236435e+05  -4.891265046e+03  3.880149085e+05  3.111337571e+02  4.175936714e+05
5.720000000e+00  3.831276822e+05  -4.860407371e+03  3.879880896e+05  3.111122521e+02  4.163532683e+05
5.760000000e+00  3.831268667e+05  -4.811092274e+03  3.879379590e+05  3.110720543e+02  4.162434465e+05
5.800000000e+00  3.831260457e+05  -4.782905674e+03  3.879089514e+05  3.110487943e+02  4.168183063e+05
5.840000000e+00  3.831268523e+05  -4.755046519e+03  3.878818988e+05  3.110271019e+02  4.180246677e+05
5.880000000e+00  3.831284146e+05  -4.699431776e+03  3.878278463e+05  3.109837594e+02  4.198235546e+05
5.920000000e+00  3.831272137e+05  -4.634197166e+03  3.877614109e+05  3.109304874e+02  4.218247363e+05
5.960000000e+00  3.831205038e+05  -4.650306616e+03  3.877708104e+05  3.109380245e+02  4.231789007e+05
6.000000000e+00  3.831127078e+05  -4.826237282e+03  3.879389450e+05  3.110728450e+02  4.232794333e+05
6.040000000e+00  3.831131585e+05  -5.086761830e+03  3.881999204e+05  3.112821108e+02  4.227879434e+05
6.080000000e+00  3.831288313e+05  -5.189801884e+03  3.883186332e+05  3.113773019e+02  4.236427005e+05
6.120000000e+00  3.831638070e+05  -4.781299772e+03  3.879451068e+05  3.110777859e+02  4.283654386e+05
6.160000000e+00  3.831945145e+05  -3.626307569e+03  3.868208221e+05  3.101762666e+02  4.380507758e+05
6.200000000e+00  3.831392893e+05  -2.645230823e+03  3.857845201e+05  3.093452972e+02  4.456109967e+05
6.240000000e+00  3.830611831e+05  -3.323430530e+03  3.863846136e+05  3.098264884e+02  4.407901361e+05
6.280000000e+00  3.830776894e+05  -4.551344409e+03  3.876290339e+05  3.108243395e+02  4.313175049e+05
6.320000000e+00  3.831190590e+05  -5.057002866e+03  3.881760619e+05  3.112629796e+02  4.267279270e+05
6.360000000e+00  3.831520861e+05  -4.819103454e+03  3.879711896e+05  3.110987006e+02  4.279129660e+05
6.400000000e+00  3.831749549e+05  -4.007561637e+03  3.871825166e+05  3.104662950e+02  4.335367357e+05
6.440000000e+00  3.831568431e+05  -3.102722595e+03  3.862595657e+05  3.097262174e+02  4.395936800e+05
6.480000000e+00  3.830984105e+05  -3.080629541e+03  3.861790401e+05  3.096616471e+02  4.389608250e+05
6.520000000e+00  3.830770343e+05  -3.936256198e+03  3.870132905e+05  3.103305994e+02  4.316730638e+05
6.560000000e+00  3.830924337e+05  -4.756958669e+03  3.878493924e+05  3.110010363e+02  4.244376090e+05
6.600000000e+00  3.831075747e+05  -5.235130492e+03  3.883427052e+05  3.113966043e+02  4.201660336e+05
6.640000000e+00  3.831173234e+05  -5.476634632e+03  3.885939580e+05  3.115980739e+02  4.186913771e+05
6.680000000e+00  3.831330072e+05  -5.487158127e+03  3.886201653e+05  3.116190885e+02  4.201383885e+05
6.720000000e+00  3.831706267e+05  -4.980435582e+03  3.881510623e+05  3.112429334e+02  4.261511877e+05
6.760000000e+00  3.832128312e+05  -3.570063652e+03  3.867828948e+05  3.101458542e+02  4.382131925e+05
6.800000000e+00  3.831434875e+05  -2.298566026e+03  3.854420535e+05  3.090706868e+02  4.477307444e+05
6.840000000e+00  3.830454984e+05  -3.171553285e+03  3.862170517e+05  3.096921271e+02  4.406811187e+05
6.880000000e+00  3.830732367e+05  -4.606136685e+03  3.876793734e+05  3.108647048e+02  4.279502932e+05
6.920000000e+00  3.831147635e+05  -5.168286631e+03  3.882830501e+05  3.113487692e+02  4.205815781e+05
6.960000000e+00  3.831318456e+05  -5.159975551e+03  3.882918211e+05  3.113558023e+02  4.177963758e+05
7.000000000e+00  3.831365322e+05  -4.960512046e+03  3.880970442e+05  3.111996185e+02  4.174774927e+05
7.040000000e+00  3.831396470e+05  -4.697585929e+03  3.878372329e+05  3.109912861e+02  4.188131809e+05
7.080000000e+00  3.831479942e+05  -4.326569051e+03  3.874745632e+05  3.107004757e+02  4.219766317e+05
7.120000000e+00  3.831612535e+05  -3.725891172e+03  3.868871447e+05  3.102294481e+02  4.274322559e+05
7.160000000e+00  3.831580530e+05  -2.978388348e+03  3.861364414e+05  3.096274889e+02  4.339860387e+05
7.200000000e+00  3.831157851e+05  -2.713558906e+03  3.858293440e+05  3.093812397e+02  4.368067680e+05
7.240000000e+00  3.830791717e+05  -3.349351139e+03  3.864285229e+05  3.098616974e+02  4.329356999e+05
7.280000000e+00  3.830828087e+05  -4.280728777e+03  3.873635375e+05  3.106114485e+02  4.267960959e+05
7.320000000e+00  3.831013010e+05  -4.934958987e+03  3.880362600e+05  3.111508780e+02  4.229985062e+05
7.360000000e+00  3.831212936e+05  -5.203550987e+03  3.883248446e+05  3.113822826e+02  4.229348062e+05
7.400000000e+00  3.831477866e+05  -5.014733231e+03  3.881625198e+05  3.112521208e+02  4.272929098e+05
7.440000000e+00  3.831746910e+05  -4.260788409e+03  3.874354795e+05  3.106691360e+02  4.364397251e+05
7.480000000e+00  3.831773993e+05  -3.206916135e+03  3.863843155e+05  3.098262493e+02  4.477638783e+05
7.520000000e+00  3.831713714e+05  -2.231699253e+03  3.854030706e+05  3.090394280e+02  4.575261755e+05
7.560000000e+00  3.830923258e+05  -1.945914539e+03  3.850382403e+05  3.087468850e+02  4.604293371e+05
7.600000000e+00  3.830079863e+05  -3.749853171e+03  3.867578394e+05  3.101257633e+02  4.474072353e+05
7.640000000e+00  3.830600128e+05  -5.671562626e+03  3.887315755e+05  3.117084239e+02  4.325664504e+05
7.680000000e+00  3.831148205e+05  -6.347251827e+03  3.894620723e+05  3.122941803e+02  4.265999581e+05
7.720000000e+00  3.831603945e+05  -6.122409689e+03  3.892828042e+05  3.121504323e+02  4.282444095e+05
7.760000000e+00  3.832957349e+05  -4.247704382e+03  3.875434393e+05  3.107557047e+02  4.420732151e+05
7.800000000e+00  3.833258995e+05  3.395545815e+02  3.829863449e+05  3.071015515e+02  4.719843463e+05
7.840000000e+00  3.828997776e+05  -6.486390614e+02  3.835484166e+05  3.075522545e+02  4.619539928e+05
7.880000000e+00  3.830229185e+05  -4.372813857e+03  3.873957324e+05  3.106372644e+02  4.309013033e+05
7.920000000e+00  3.831274133e+05  -5.107377271e+03  3.882347906e+05  3.113100718e+02  4.194769822e+05
7.960000000e+00  3.831457374e+05  -4.794995061e+03  3.879407324e+05  3.110742783e+02  4.170693173e+05
8.000000000e+00  3.831427586e+05  -4.394170468e+03  3.875369290e+05  3.107504843e+02  4.170840952e+05
8.040000000e+00  3.831373760e+05  -4.090493836e+03  3.872278698e+05  3.105026620e+02  4.176844775e+05
8.080000000e+00  3.831334107e+05  -3.881752088e+03  3.870151628e+05  3.103321007e+02  4.184211600e+05
8.120000000e+00  3.831311699e+05  -3.733976951e+03  3.868651469e+05  3.102118089e+02  4.191952587e+05
8.160000000e+00  3.831301632e+05  -3.617193424e+03  3.867473566e+05  3.101173575e+02  4.199742420e+05
8.200000000e+00  3.831296456e+05  -3.514525867e+03  3.866441715e+05  3.100346175e+02  4.207081391e+05
8.240000000e+00  3.831292411e+05  -3.419385092e+03  3.865486262e+05  3.099580035e+02  4.213214287e+05
8.280000000e+00  3.831285263e+05  -3.335309118e+03  3.864638354e+05  3.098900132e+02  4.217242081e+05
8.320000000e+00  3.831275293e+05  -3.268745328e+03  3.863962746e+05  3.098358389e+02  4.218533105e+05
8.360000000e+00  3.831264965e+05  -3.222971893e+03  3.863494684e+05  3.097983068e+02  4.217067431e+05
8.400000000e+00  3.831256458e+05  -3.196548007e+03  3.863221938e+05  3.097764364e+02  4.213458439e+05
8.440000000e+00  3.831249852e+05  -3.185014027e+03  3.863099992e+05  3.097666580e+02  4.208677696e+05
8.480000000e+00  3.831243602e+05  -3.186013547e+03  3.863103737e+05  3.097669583e+02  4.203657811e+05
8.520000000e+00  3.831235924e+05  -3.200771014e+03  3.863243635e+05  3.097781761e+02  4.199110150e+05
8.560000000e+00  3.831226098e+05  -3.233156055e+03  3.863557658e+05  3.098033565e+02  4.195577088e+05
8.600000000e+00  3.831215563e+05  -3.286440064e+03  3.864079964e+05  3.098452380e+02  4.193681023e+05
8.640000000e+00  3.831209649e+05  -3.357381997e+03  3.864783469e+05  3.099016493e+02  4.194557972e+05
8.680000000e+00  3.831220877e+05  -3.425329146e+03  3.865474168e+05  3.099570338e+02  4.200554894e+05
8.720000000e+00  3.831272406e+05  -3.433804042e+03  3.865610447e+05  3.099679614e+02  4.216194315e+05
8.760000000e+00  3.831386703e+05  -3.275874035e+03  3.864145443e+05  3.098504886e+02  4.248366084e+05
8.800000000e+00  3.831513186e+05  -2.856623940e+03  3.860079426e+05  3.095244508e+02  4.300849124e+05
8.840000000e+00  3.831438254e+05  -2.354718024e+03  3.854985434e+05  3.091159838e+02  4.356717357e+05
8.880000000e+00  3.831125759e+05  -2.298735644e+03  3.854113116e+05  3.090460361e+02  4.376466068e+05
8.920000000e+00  3.831051523e+05  -2.700421346e+03  3.858055736e+05  3.093621792e+02  4.358411285e+05
8.960000000e+00  3.831329583e+05  -2.836171108e+03  3.859691294e+05  3.094933281e+02  4.351932253e+05
9.000000000e+00  3.831491184e+05  -2.443090962e+03  3.855922094e+05  3.091910908e+02  4.374139381e+05
9.040000000e+00  3.831200232e+05  -2.208113218e+03  3.853281364e+05  3.089793412e+02  4.376443470e+05
9.080000000e+00  3.830940428e+05  -2.639796451e+03  3.857338392e+05  3.093046582e+02  4.324612843e+05
9.120000000e+00  3.831025437e+05  -3.205698913e+03  3.863082426e+05  3.097652495e+02  4.258747589e+05
9.160000000e+00  3.831166315e+05  -3.493326823e+03  3.866099583e+05  3.100071833e+02  4.214473275e+05
9.200000000e+00  3.831218680e+05  -3.587448357e+03  3.867093163e+05  3.100868546e+02  4.192457442e+05
9.240000000e+00  3.831216578e+05  -3.643906101e+03  3.867655639e+05  3.101319573e+02  4.184962860e+05
9.280000000e+00  3.831226896e+05  -3.701740720e+03  3.868244303e+05  3.101791599e+02  4.189174458e+05
9.320000000e+00  3.831253496e+05  -3.707883331e+03  3.868332330e+05  3.101862184e+02  4.206131776e+05
9.360000000e+00  3.831285850e+05  -3.648715092e+03  3.867773001e+05  3.101413681e+02  4.230811510e+05
9.400000000e+00  3.831211989e+05  -3.637424502e+03  3.867586234e+05  3.101263919e+02  4.246010441e+05
9.440000000e+00  3.831168648e+05  -3.777172632e+03  3.868940375e+05  3.102349751e+02  4.242054304e+05
9.480000000e+00  3.831258932e+05  -3.858634867e+03  3.869845281e+05  3.103075359e+02  4.235575452e+05
9.520000000e+00  3.831353723e+05  -3.726650847e+03  3.868620231e+05  3.102093041e+02  4.242102313e+05
9.560000000e+00  3.831333313e+05  -3.515844790e+03  3.866491761e+05  3.100386305e+02  4.256112444e+05
9.600000000e+00  3.831229857e+05  -3.452198629e+03  3.865751844e+05  3.099792995e+02  4.264006570e+05
9.640000000e+00  3.831236391e+05  -3.523431394e+03  3.866470705e+05  3.100369421e+02  4.268511906e+05
9.680000000e+00  3.831632525e+05  -3.229987661e+03  3.863932402e+05  3.098334057e+02  4.304943740e+05
9.720000000e+00  3.832486528e+05  -1.599135171e+03  3.848477880e+05  3.085941689e+02  4.432407531e+05
9.760000000e+00  3.831822046e+05  6.648895816e+02  3.825173150e+05  3.067254550e+02  4.585486461e+05
9.800000000e+00  3.830087883e+05  -4.448347171e+02  3.834536230e+05  3.074762433e+02  4.490851646e+05
9.840000000e+00  3.829769302e+05  -1.913401698e+03  3.848903319e+05  3.086282831e+02  4.366784222e+05
9.880000000e+00  3.830209632e+05  -2.976522754e+03  3.859974859e+05  3.095160660e+02  4.261872980e+05
9.920000000e+00  3.830471795e+05  -3.286552989e+03  3.863337325e+05  3.097856888e+02  4.212070153e+05
9.960000000e+00  3.830536427e+05  -3.298210576e+03  3.863518532e+05  3.098002191e+02  4.192227008e+05
1.000000000e+01  3.830517683e+05  -3.280539882e+03  3.863323081e+05  3.097845467e+02  4.184339017e+05
1.004000000e+01  3.830469416e+05  -3.335952012e+03  3.863828936e+05  3.098251092e+02  4.180649195e+05
1.008000000e+01  3.830411623e+05  -3.499974235e+03  3.865411365e+05  3.099519978e+02  4.178636764e+05
1.012000000e+01  3.830362088e+05  -3.775660058e+03  3.868118689e+05  3.101690874e+02  4.179302787e+05
1.016000000e+01  3.830386946e+05  -4.094107300e+03  3.871328019e+05  3.104264308e+02  4.190181463e+05
1.020000000e+01  3.830770626e+05  -4.075832422e+03  3.871528950e+05  3.104425427e+02  4.240353834e+05
1.024000000e+01  3.832219076e+05  -2.301801272e+03  3.855237089e+05  3.091361630e+02  4.419468797e+05
1.028000000e+01  3.832073395e+05  1.898764031e+03  3.813085754e+05  3.057562148e+02  4.740656484e+05
1.032000000e+01  3.828104884e+05  7.442363325e+01  3.827360648e+05  3.069008618e+02  4.634871043e+05
1.036000000e+01  3.829493573e+05  -3.714159645e+03  3.866635169e+05  3.100501298e+02  4.368579580e+05
1.040000000e+01  3.830585803e+05  -4.446301522e+03  3.875048818e+05  3.107247870e+02  4.299670770e+05
1.044000000e+01  3.830893468e+05  -3.927917420e+03  3.870172642e+05  3.103337857e+02  4.325364923e+05
1.048000000e+01  3.830855575e+05  -3.180019132e+03  3.862655766e+05  3.097310373e+02  4.371298609e+05
1.052000000e+01  3.830596386e+05  -2.769597253e+03  3.858292358e+05  3.093811529e+02  4.390748567e+05
1.056000000e+01  3.830385693e+05  -2.876076353e+03  3.859146457e+05  3.094496397e+02  4.367181691e+05
1.060000000e+01  3.830373779e+05  -3.192227599e+03  3.862296055e+05  3.097021935e+02  4.321573038e+05
1.064000000e+01  3.830459050e+05  -3.406453253e+03  3.864523582e+05  3.098808101e+02  4.278405846e+05
1.068000000e+01  3.830542025e+05  -3.442293178e+03  3.864964956e+05  3.099162021e+02  4.246606303e+05
1.072000000e+01  3.830596181e+05  -3.341089287e+03  3.864007073e+05  3.098393933e+02  4.225768690e+05
1.076000000e+01  3.830624772e+05  -3.159295734e+03  3.862217729e+05  3.096959128e+02  4.213154547e+05
1.080000000e+01  3.830635805e+05  -2.939772707e+03  3.860033532e+05  3.095207707e+02  4.206167715e+05
1.084000000e+01  3.830635933e+05  -2.710406431e+03  3.857739997e+05  3.093368613e+02  4.202840873e+05
1.088000000e+01  3.830629824e+05  -2.487859044e+03  3.855508414e+05  3.091579195e+02  4.201796881e+05
1.092000000e+01  3.830620531e+05  -2.281209247e+03  3.853432623e+05  3.089914701e+02  4.202111404e+05
1.096000000e+01  3.830609942e+05  -2.094707466e+03  3.851557017e+05  3.088410727e+02  4.203181508e+05
1.100000000e+01  3.830599142e+05  -1.929714143e+03  3.849896284e+05  3.087079050e+02  4.204622459e+05
1.104000000e+01  3.830588675e+05  -1.786018490e+03  3.848448860e+05  3.085918419e+02  4.206192667e+05
1.108000000e+01  3.830578734e+05  -1.662716183e+03  3.847205896e+05  3.084921735e+02  4.207741219e+05
1.112000000e+01  3.830569295e+05  -1.558759511e+03  3.846156890e+05  3.084080579e+02  4.209172648e+05
1.116000000e+01  3.830560187e+05  -1.473294297e+03  3.845293130e+05  3.083387964e+02  4.210423968e+05
1.120000000e+01  3.830551152e+05  -1.405921724e+03  3.844610369e+05  3.082840485e+02  4.211448805e+05
1.124000000e+01  3.830541919e+05  -1.356765112e+03  3.844109570e+05  3.082438914e+02  4.212210181e+05
1.128000000e+01  3.830532213e+05  -1.326520444e+03  3.843797417e+05  3.082188612e+02  4.212677346e+05
1.132000000e+01  3.830521819e+05  -1.316409722e+03  3.843685917e+05  3.082099203e+02  4.212828066e+05
1.136000000e+01  3.830510948e+05  -1.327575784e+03  3.843786706e+05  3.082180022e+02  4.212667107e+05
1.140000000e+01  3.830500081e+05  -1.360619369e+03  3.844106275e+05  3.082436272e+02  4.212242559e+05
1.144000000e+01  3.830490368e+05  -1.414454743e+03  3.844634916e+05  3.082860168e+02  4.211674277e+05
1.148000000e+01  3.830483535e+05  -1.485068557e+03  3.845334220e+05  3.083420913e+02  4.211168238e+05
1.152000000e+01  3.830481406e+05  -1.564806185e+03  3.846129468e+05  3.084058590e+02  4.210984127e+05
1.156000000e+01  3.830484991e+05  -1.642951160e+03  3.846914502e+05  3.084688078e+02  4.211326565e+05
1.160000000e+01  3.830493534e+05  -1.708536313e+03  3.847578897e+05  3.085220830e+02  4.212168632e+05
1.164000000e+01  3.830504849e+05  -1.753744204e+03  3.848042291e+05  3.085592407e+02  4.213145535e+05
1.168000000e+01  3.830516856e+05  -1.775373814e+03  3.848270594e+05  3.085775474e+02  4.213696296e+05
1.172000000e+01  3.830528927e+05  -1.772918808e+03  3.848258115e+05  3.085765468e+02  4.213454640e+05
1.176000000e+01  3.830540985e+05  -1.746263420e+03  3.848003619e+05  3.085561398e+02  4.212553486e+05
1.180000000e+01  3.830551722e+05  -1.696510049e+03  3.847516823e+05  3.085171055e+02  4.211516140e+05
1.184000000e+01  3.830558777e+05  -1.628694465e+03  3.846845722e+05  3.084632926e+02  4.210854044e+05
1.188000000e+01  3.830560496e+05  -1.552142117e+03  3.846081917e+05  3.084020461e+02  4.210774647e+05
1.192000000e+01  3.830557028e+05  -1.477671386e+03  3.845333741e+05  3.083420529e+02  4.211179075e+05
1.196000000e+01  3.830549920e+05  -1.414208653e+03  3.844692006e+05  3.082905947e+02  4.211825124e+05
1.200000000e+01  3.830541100e+05  -1.367022703e+03  3.844211327e+05  3.082520509e+02  4.212479167e+05
1.204000000e+01  3.830532100e+05  -1.337862443e+03  3.843910724e+05  3.082279468e+02  4.212985131e+05
1.208000000e+01  3.830523824e+05  -1.326052908e+03  3.843784353e+05  3.082178135e+02  4.213267972e+05
1.212000000e+01  3.830516619e+05  -1.329706545e+03  3.843813685e+05  3.082201656e+02  4.213308985e+05
1.216000000e+01  3.830510500e+05  -1.346627012e+03  3.843976770e+05  3.082332428e+02  4.213118721e+05
1.220000000e+01  3.830505261e+05  -1.374836750e+03  3.844253628e+05  3.082554429e+02  4.212717415e+05
1.224000000e+01  3.830500614e+05  -1.412864833e+03  3.844629262e+05  3.082855635e+02  4.212122865e+05
1.228000000e+01  3.830496236e+05  -1.459856836e+03  3.845094804e+05  3.083228934e+02  4.211344651e+05
1.232000000e+01  3.830491783e+05  -1.515626930e+03  3.845648052e+05  3.083672562e+02  4.210381641e+05
1.236000000e+01  3.830486887e+05  -1.580700594e+03  3.846293892e+05  3.084190436e+02  4.209221341e+05
1.240000000e+01  3.830481140e+05  -1.656377344e+03  3.847044913e+05  3.084792650e+02  4.207840366e+05
1.244000000e+01  3.830474081e+05  -1.744825389e+03  3.847922335e+05  3.085496219e+02  4.206206173e+05
1.248000000e+01  3.830465182e+05  -1.849204891e+03  3.848957231e+05  3.086326061e+02  4.204281251e+05
1.252000000e+01  3.830453860e+05  -1.973793623e+03  3.850191796e+05  3.087316010e+02  4.202032691e+05
1.256000000e+01  3.830439545e+05  -2.124041148e+03  3.851679957e+05  3.088509307e+02  4.199453516e+05
1.260000000e+01  3.830421879e+05  -2.306371256e+03  3.853485592e+05  3.089957174e+02  4.196609105e+05
1.264000000e+01  3.830401215e+05  -2.527314702e+03  3.855674362e+05  3.091712262e+02  4.193736449e+05
1.268000000e+01  3.830379789e+05  -2.791032824e+03  3.858290118e+05  3.093809733e+02  4.191453164e+05
1.272000000e+01  3.830364311e+05  -3.093196089e+03  3.861296272e+05  3.096220248e+02  4.191188877e+05
1.276000000e+01  3.830371185e+05  -3.407171445e+03  3.864442900e+05  3.098743404e+02  4.196036176e+05
1.280000000e+01  3.830434540e+05  -3.656510153e+03  3.866999642e+05  3.100793554e+02  4.212222693e+05
1.284000000e+01  3.830605540e+05  -3.676204297e+03  3.867367583e+05  3.101088592e+02  4.250605225e+05
1.288000000e+01  3.830884760e+05  -3.229228437e+03  3.863177045e+05  3.097728366e+02  4.323292520e+05
1.292000000e+01  3.831017798e+05  -2.305859372e+03  3.854076392e+05  3.090430913e+02  4.421603415e+05
1.296000000e+01  3.830624463e+05  -1.644712596e+03  3.847071589e+05  3.084814040e+02  4.484560246e+05
1.300000000e+01  3.830097605e+05  -2.048321353e+03  3.850580818e+05  3.087627951e+02  4.452361855e+05
1.304000000e+01  3.830041467e+05  -3.043443422e+03  3.860475901e+05  3.095562426e+02  4.359865988e+05
1.308000000e+01  3.830269174e+05  -3.784576341e+03  3.868114938e+05  3.101687866e+02  4.274453666e+05
1.312000000e+01  3.830463274e+05  -4.071906796e+03  3.871182342e+05  3.104147495e+02  4.220588693e+05
1.316000000e+01  3.830546572e+05  -4.086530182e+03  3.871411874e+05  3.104331549e+02  4.192488597e+05
1.320000000e+01  3.830551565e+05  -4.022938984e+03  3.870780955e+05  3.103825640e+02  4.179451717e+05
1.324000000e+01  3.830518397e+05  -3.994542771e+03  3.870463825e+05  3.103571345e+02  4.174524822e+05
1.328000000e+01  3.830478181e+05  -4.044721181e+03  3.870925393e+05  3.103941458e+02  4.175310413e+05
1.332000000e+01  3.830467451e+05  -4.152839961e+03  3.871995851e+05  3.104799816e+02  4.184188932e+05
1.336000000e+01  3.830555560e+05  -4.195928872e+03  3.872514848e+05  3.105215980e+02  4.210582447e+05
1.340000000e+01  3.830854872e+05  -3.863606162e+03  3.869490934e+05  3.102791223e+02  4.274771456e+05
1.344000000e+01  3.831337469e+05  -2.703320155e+03  3.858370671e+05  3.093874325e+02  4.400366019e+05
1.348000000e+01  3.831348939e+05  -9.175468922e+02  3.840524408e+05  3.079564115e+02  4.558103978e+05
1.352000000e+01  3.830399594e+05  -1.706241501e+02  3.832105836e+05  3.072813596e+02  4.620046431e+05
1.356000000e+01  3.829590875e+05  -1.436064502e+03  3.843951520e+05  3.082312180e+02  4.515543756e+05
1.360000000e+01  3.829808776e+05  -3.218810239e+03  3.861996879e+05  3.096782037e+02  4.353869138e+05
1.364000000e+01  3.830288414e+05  -4.127389137e+03  3.871562305e+05  3.104452173e+02  4.246078817e+05
1.368000000e+01  3.830521857e+05  -4.313894667e+03  3.873660804e+05  3.106134876e+02  4.195806748e+05
1.372000000e+01  3.830567938e+05  -4.249141073e+03  3.873059349e+05  3.105652593e+02  4.175992675e+05
1.376000000e+01  3.830537673e+05  -4.184972858e+03  3.872387401e+05  3.105113785e+02  4.169370209e+05
1.380000000e+01  3.830487477e+05  -4.207397404e+03  3.872561451e+05  3.105253348e+02  4.168926241e+05
1.384000000e+01  3.830457176e+05  -4.329251180e+03  3.873749688e+05  3.106206148e+02  4.174697530e+05
1.388000000e+01  3.830507920e+05  -4.440874161e+03  3.874916662e+05  3.107141899e+02  4.193524109e+05
1.392000000e+01  3.830727179e+05  -4.290119590e+03  3.873628374e+05  3.106108872e+02  4.241175372e+05
1.396000000e+01  3.831029823e+05  -3.560328930e+03  3.866633113e+05  3.100499649e+02  4.332824406e+05
1.400000000e+01  3.830725909e+05  -2.724389259e+03  3.857969801e+05  3.093552884e+02  4.425858819e+05
1.404000000e+01  3.829975593e+05  -3.199670098e+03  3.861972294e+05  3.096762324e+02  4.419364044e+05
1.408000000e+01  3.830096437e+05  -4.338293252e+03  3.873479369e+05  3.105989391e+02  4.357394671e+05
1.412000000e+01  3.830564817e+05  -4.702155324e+03  3.877586370e+05  3.109282632e+02  4.342685904e+05
1.416000000e+01  3.830698270e+05  -4.422596065e+03  3.874924231e+05  3.107147968e+02  4.371201890e+05
1.420000000e+01  3.830497995e+05  -4.280642248e+03  3.873304418e+05  3.105849104e+02  4.389323608e+05
1.424000000e+01  3.830413262e+05  -4.484223496e+03  3.875255497e+05  3.107413597e+02  4.380516632e+05
1.428000000e+01  3.830511625e+05  -4.625317447e+03  3.876764800e+05  3.108623847e+02  4.371021431e+05
1.432000000e+01  3.830530612e+05  -4.620908926e+03  3.876739701e+05  3.108603722e+02  4.366671086e+05
1.436000000e+01  3.830463597e+05  -4.690855598e+03  3.877372152e+05  3.109110859e+02  4.352745085e+05
1.440000000e+01  3.830442449e+05  -4.858129526e+03  3.879023744e+05  3.110435205e+02  4.327643952e+05
1.444000000e+01  3.830461542e+05  -5.014903049e+03  3.880610572e+05  3.111707620e+02  4.299514434e+05
1.448000000e+01  3.830478708e+05  -5.131359381e+03  3.881792302e+05  3.112655202e+02  4.272134920e+05
1.452000000e+01  3.830506573e+05  -5.205364619e+03  3.882560219e+05  3.113270964e+02  4.247607222e+05
1.456000000e+01  3.830548262e+05  -5.207724520e+03  3.882625508e+05  3.113323316e+02  4.229406576e+05
1.460000000e+01  3.830589747e+05  -5.123949067e+03  3.881829237e+05  3.112684819e+02  4.219657471e+05
1.464000000e+01  3.830617084e+05  -4.970170250e+03  3.880318787e+05  3.111473648e+02  4.217676985e+05
1.468000000e+01  3.830623734e+05  -4.782683296e+03  3.878450567e+05  3.109975597e+02  4.220683041e+05
1.472000000e+01  3.830609463e+05  -4.604167296e+03  3.876651136e+05  3.108532705e+02  4.225020638e+05
1.476000000e+01  3.830580948e+05  -4.470731304e+03  3.875288261e+05  3.107439869e+02  4.227446482e+05
1.480000000e+01  3.830550578e+05  -4.398454291e+03  3.874535121e+05  3.106835956e+02  4.226375330e+05
1.484000000e+01  3.830529564e+05  -4.378440911e+03  3.874313973e+05  3.106658626e+02  4.222354859e+05
1.488000000e+01  3.830521434e+05  -4.386833839e+03  3.874389773e+05  3.106719407e+02  4.217305145e+05
1.492000000e+01  3.830522516e+05  -4.400860537e+03  3.874531122e+05  3.106832749e+02  4.213201494e+05
1.496000000e+01  3.830526438e+05  -4.408644099e+03  3.874612879e+05  3.106898307e+02  4.211164336e+05
1.500000000e+01  3.830527170e+05  -4.410963953e+03  3.874636809e+05  3.106917496e+02  4.211189803e+05
