2.000000000e-02  3.279485188e+05  -7.684565796e+01  3.280253644e+05  2.630305224e+02  3.628976669e+05
4.000000000e-02  3.279485156e+05  -7.722391371e+01  3.280257395e+05  2.630308231e+02  3.628968263e+05
6.000000000e-02  3.279485124e+05  -7.763419632e+01  3.280261466e+05  2.630311495e+02  3.628959147e+05
8.000000000e-02  3.279485091e+05  -7.807709321e+01  3.280265862e+05  2.630315020e+02  3.628949309e+05
1.000000000e-01  3.279485057e+05  -7.855325107e+01  3.280270590e+05  2.630318812e+02  3.628938735e+05
1.200000000e-01  3.279485023e+05  -7.906337740e+01  3.280275657e+05  2.630322875e+02  3.628927407e+05
1.400000000e-01  3.279484988e+05  -7.960824220e+01  3.280281070e+05  2.630327216e+02  3.628915311e+05
1.600000000e-01  3.279484952e+05  -8.018867992e+01  3.280286839e+05  2.630331841e+02  3.628902426e+05
1.800000000e-01  3.279484915e+05  -8.080559162e+01  3.280292971e+05  2.630336758e+02  3.628888734e+05
2.000000000e-01  3.279484877e+05  -8.145994747e+01  3.280299477e+05  2.630341975e+02  3.628874212e+05
2.200000000e-01  3.279484838e+05  -8.215278933e+01  3.280306366e+05  2.630347499e+02  3.628858837e+05
2.400000000e-01  3.279484798e+05  -8.288523374e+01  3.280313651e+05  2.630353340e+02  3.628842585e+05
2.600000000e-01  3.279484757e+05  -8.365847507e+01  3.280321342e+05  2.630359507e+02  3.628825429e+05
2.800000000e-01  3.279484714e+05  -8.447378892e+01  3.280329452e+05  2.630366011e+02  3.628807340e+05
3.000000000e-01  3.279484670e+05  -8.533253586e+01  3.280337996e+05  2.630372861e+02  3.628788289e+05
3.200000000e-01  3.279484625e+05  -8.623616539e+01  3.280346986e+05  2.630380071e+02  3.628768244e+05
3.400000000e-01  3.279484577e+05  -8.718622016e+01  3.280356440e+05  2.630387651e+02  3.628747170e+05
3.600000000e-01  3.279484529e+05  -8.818434056e+01  3.280366372e+05  2.630395615e+02  3.628725031e+05
3.800000000e-01  3.279484478e+05  -8.923226951e+01  3.280376801e+05  2.630403978e+02  3.628701788e+05
4.000000000e-01  3.279484426e+05  -9.033185766e+01  3.280387744e+05  2.630412753e+02  3.628677401e+05
4.200000000e-01  3.279484371e+05  -9.148506882e+01  3.280399222e+05  2.630421956e+02  3.628651825e+05
4.400000000e-01  3.279484314e+05  -9.269398579e+01  3.280411254e+05  2.630431605e+02  3.628625014e+05
4.600000000e-01  3.279484255e+05  -9.396081656e+01  3.280423864e+05  2.630441716e+02  3.628596921e+05
4.800000000e-01  3.279484194e+05  -9.528790077e+01  3.280437073e+05  2.630452308e+02  3.628567492e+05
5.000000000e-01  3.279484130e+05  -9.667771671e+01  3.280450907e+05  2.630463401e+02  3.628536673e+05
5.200000000e-01  3.279484064e+05  -9.813288864e+01  3.280465393e+05  2.630475016e+02  3.628504406e+05
5.400000000e-01  3.279483994e+05  -9.965619455e+01  3.280480556e+05  2.630487175e+02  3.628470629e+05
5.600000000e-01  3.279483922e+05  -1.012505745e+02  3.280496428e+05  2.630499902e+02  3.628435278e+05
5.800000000e-01  3.279483846e+05  -1.029191392e+02  3.280513038e+05  2.630513221e+02  3.628398283e+05
6.000000000e-01  3.279483767e+05  -1.046651796e+02  3.280530419e+05  2.630527158e+02  3.628359571e+05
6.200000000e-01  3.279483685e+05  -1.064921767e+02  3.280548607e+05  2.630541742e+02  3.628319066e+05
6.400000000e-01  3.279483598e+05  -1.084038122e+02  3.280567637e+05  2.630557001e+02  3.628276686e+05
6.600000000e-01  3.279483508e+05  -1.104039797e+02  3.280587548e+05  2.630572968e+02  3.628232344e+05
6.800000000e-01  3.279483414e+05  -1.124967973e+02  3.280608382e+05  2.630589673e+02  3.628185950e+05
7.000000000e-01  3.279483315e+05  -1.146866205e+02  3.280630181e+05  2.630607153e+02  3.628137408e+05
7.200000000e-01  3.279483211e+05  -1.169780562e+02  3.280652991e+05  2.630625444e+02  3.628086615e+05
7.400000000e-01  3.279483102e+05  -1.193759790e+02  3.280676862e+05  2.630644585e+02  3.628033464e+05
7.600000000e-01  3.279482988e+05  -1.218855470e+02  3.280701844e+05  2.630664617e+02  3.627977841e+05
7.800000000e-01  3.279482869e+05  -1.245122210e+02  3.280727991e+05  2.630685583e+02  3.627919625e+05
8.000000000e-01  3.279482743e+05  -1.272617847e+02  3.280755361e+05  2.630707530e+02  3.627858688e+05
8.200000000e-01  3.279482611e+05  -1.301403670e+02  3.280784015e+05  2.630730507e+02  3.627794895e+05
8.400000000e-01  3.279482473e+05  -1.331544668e+02  3.280814017e+05  2.630754564e+02  3.627728103e+05
8.600000000e-01  3.279482327e+05  -1.363109807e+02  3.280845437e+05  2.630779759e+02  3.627658158e+05
8.800000000e-01  3.279482174e+05  -1.396172339e+02  3.280878346e+05  2.630806147e+02  3.627584900e+05
9.000000000e-01  3.279482013e+05  -1.430810146e+02  3.280912823e+05  2.630833793e+02  3.627508157e+05
9.200000000e-01  3.279481843e+05  -1.467106121e+02  3.280948949e+05  2.630862761e+02  3.627427746e+05
9.400000000e-01  3.279481665e+05  -1.505148609e+02  3.280986813e+05  2.630893123e+02  3.627343472e+05
9.600000000e-01  3.279481476e+05  -1.545031880e+02  3.281026508e+05  2.630924952e+02  3.627255128e+05
9.800000000e-01  3.279481277e+05  -1.586856683e+02  3.281068134e+05  2.630958331e+02  3.627162491e+05
1.000000000e+00  3.279481067e+05  -1.630730849e+02  3.281111798e+05  2.630993343e+02  3.627065324e+05
1.020000000e+00  3.279480846e+05  -1.676769975e+02  3.281157616e+05  2.631030082e+02  3.626963373e+05
1.040000000e+00  3.279480611e+05  -1.725098189e+02  3.281205709e+05  2.631068647e+02  3.626856364e+05
1.060000000e+00  3.279480363e+05  -1.775849001e+02  3.281256212e+05  2.631109142e+02  3.626744006e+05
1.080000000e+00  3.279480099e+05  -1.829166254e+02  3.281309265e+05  2.631151684e+02  3.626625980e+05
1.100000000e+00  3.279479820e+05  -1.885205180e+02  3.281365025e+05  2.631196396e+02  3.626501948e+05
1.120000000e+00  3.279479523e+05  -1.944133571e+02  3.281423657e+05  2.631243410e+02  3.626371541e+05
1.140000000e+00  3.279479208e+05  -2.006133073e+02  3.281485341e+05  2.631292872e+02  3.626234360e+05
1.160000000e+00  3.279478872e+05  -2.071400616e+02  3.281550272e+05  2.631344938e+02  3.626089977e+05
1.180000000e+00  3.279478513e+05  -2.140149983e+02  3.281618663e+05  2.631399778e+02  3.625937922e+05
1.200000000e+00  3.279478131e+05  -2.212613536e+02  3.281690745e+05  2.631457577e+02  3.625777689e+05
1.220000000e+00  3.279477723e+05  -2.289044094e+02  3.281766767e+05  2.631518536e+02  3.625608727e+05
1.240000000e+00  3.279477286e+05  -2.369716997e+02  3.281847003e+05  2.631582874e+02  3.625430437e+05
1.260000000e+00  3.279476817e+05  -2.454932343e+02  3.281931750e+05  2.631650830e+02  3.625242166e+05
1.280000000e+00  3.279476315e+05  -2.545017423e+02  3.282021333e+05  2.631722663e+02  3.625043206e+05
1.300000000e+00  3.279475776e+05  -2.640329365e+02  3.282116105e+05  2.631798657e+02  3.624832783e+05
1.320000000e+00  3.279475196e+05  -2.741258000e+02  3.282216454e+05  2.631879123e+02  3.624610056e+05
1.340000000e+00  3.279474572e+05  -2.848228969e+02  3.282322801e+05  2.631964398e+02  3.624374108e+05
1.360000000e+00  3.279473900e+05  -2.961707079e+02  3.282435607e+05  2.632054853e+02  3.624123941e+05
1.380000000e+00  3.279473174e+05  -3.082199947e+02  3.282555374e+05  2.632150890e+02  3.623858470e+05
1.400000000e+00  3.279472392e+05  -3.210261940e+02  3.282682654e+05  2.632252950e+02  3.623576511e+05
1.420000000e+00  3.279471546e+05  -3.346498446e+02  3.282818044e+05  2.632361514e+02  3.623276778e+05
1.440000000e+00  3.279470632e+05  -3.491570504e+02  3.282962202e+05  2.632477108e+02  3.622957874e+05
1.460000000e+00  3.279469642e+05  -3.646199834e+02  3.283115842e+05  2.632600306e+02  3.622618279e+05
1.480000000e+00  3.279468571e+05  -3.811174302e+02  3.283279745e+05  2.632731734e+02  3.622256345e+05
1.500000000e+00  3.279467410e+05  -3.987353871e+02  3.283454764e+05  2.632872074e+02  3.621870281e+05
1.520000000e+00  3.279466152e+05  -4.175677098e+02  3.283641829e+05  2.633022075e+02  3.621458148e+05
1.540000000e+00  3.279464788e+05  -4.377168232e+02  3.283841956e+05  2.633182548e+02  3.621017847e+05
1.560000000e+00  3.279463307e+05  -4.592945000e+02  3.284056252e+05  2.633354384e+02  3.620547105e+05
1.580000000e+00  3.279461699e+05  -4.824227165e+02  3.284285927e+05  2.633538551e+02  3.620043467e+05
1.600000000e+00  3.279459954e+05  -5.072345986e+02  3.284532300e+05  2.633736107e+02  3.619504282e+05
1.620000000e+00  3.279458057e+05  -5.338754708e+02  3.284796812e+05  2.633948209e+02  3.618926693e+05
1.640000000e+00  3.279455995e+05  -5.625040285e+02  3.285081035e+05  2.634176117e+02  3.618307622e+05
1.660000000e+00  3.279453753e+05  -5.932936580e+02  3.285386690e+05  2.634421209e+02  3.617643759e+05
1.680000000e+00  3.279451314e+05  -6.264339364e+02  3.285715653e+05  2.634684992e+02  3.616931547e+05
1.700000000e+00  3.279448659e+05  -6.621323573e+02  3.286069982e+05  2.634969114e+02  3.616167172e+05
1.720000000e+00  3.279445767e+05  -7.006163422e+02  3.286451930e+05  2.635275383e+02  3.615346542e+05
1.740000000e+00  3.279442614e+05  -7.421356218e+02  3.286863970e+05  2.635605782e+02  3.614465276e+05
1.760000000e+00  3.279439175e+05  -7.869651016e+02  3.287308826e+05  2.635962494e+02  3.613518682e+05
1.780000000e+00  3.279435418e+05  -8.354083694e+02  3.287789502e+05  2.636347929e+02  3.612501739e+05
1.800000000e+00  3.279431309e+05  -8.878020617e+02  3.288309329e+05  2.636764758e+02  3.611409062e+05
1.820000000e+00  3.279426805e+05  -9.445213811e+02  3.288872019e+05  2.637215956e+02  3.610234876e+05
1.840000000e+00  3.279421859e+05  -1.005987165e+03  3.289481730e+05  2.637704859e+02  3.608972968e+05
1.860000000e+00  3.279416409e+05  -1.072675039e+03  3.290143159e+05  2.638235233e+02  3.607616635e+05
1.880000000e+00  3.279410383e+05  -1.145127345e+03  3.290861657e+05  2.638811368e+02  3.606158625e+05
1.900000000e+00  3.279403691e+05  -1.223968754e+03  3.291643379e+05  2.639438200e+02  3.604591078e+05
1.920000000e+00  3.279396220e+05  -1.309926648e+03  3.292495487e+05  2.640121471e+02  3.602905496e+05
1.940000000e+00  3.279387826e+05  -1.403857529e+03  3.293426402e+05  2.640867935e+02  3.601092783e+05
1.960000000e+00  3.279378330e+05  -1.506780651e+03  3.294446137e+05  2.641685620e+02  3.599143502e+05
1.980000000e+00  3.279367508e+05  -1.619919474e+03  3.295566703e+05  2.642584157e+02  3.597048557e+05
2.000000000e+00  3.279355084e+05  -1.744749624e+03  3.296802581e+05  2.643575159e+02  3.594800827e+05
2.020000000e+00  3.279340741e+05  -1.883047110e+03  3.298171212e+05  2.644672610e+02  3.592398735e+05
2.040000000e+00  3.279324145e+05  -2.036918772e+03  3.299693333e+05  2.645893138e+02  3.589853782e+05
2.060000000e+00  3.279305048e+05  -2.208769749e+03  3.301392745e+05  2.647255830e+02  3.587206220e+05
2.080000000e+00  3.279283530e+05  -2.401100423e+03  3.303294534e+05  2.648780799e+02  3.584557472e+05
2.100000000e+00  3.279260607e+05  -2.615881915e+03  3.305419426e+05  2.650484665e+02  3.582137633e+05
2.120000000e+00  3.279239653e+05  -2.852926232e+03  3.307768915e+05  2.652368627e+02  3.580447584e+05
2.140000000e+00  3.279229753e+05  -3.105888156e+03  3.310288634e+05  2.654389090e+02  3.580562642e+05
2.160000000e+00  3.279253513e+05  -3.352727751e+03  3.312780790e+05  2.656387451e+02  3.584789366e+05
2.180000000e+00  3.279364631e+05  -3.533496644e+03  3.314699598e+05  2.657926067e+02  3.598082931e+05
2.200000000e+00  3.279682714e+05  -3.501406785e+03  3.314696782e+05  2.657923809e+02  3.630959382e+05
2.220000000e+00  3.280431379e+05  -2.933126713e+03  3.309762647e+05  2.653967321e+02  3.704351430e+05
2.240000000e+00  3.281800653e+05  -1.268471358e+03  3.294485367e+05  2.641717077e+02  3.851115602e+05
2.260000000e+00  3.282993908e+05  1.824930961e+03  3.264744599e+05  2.617869135e+02  4.083212072e+05
2.280000000e+00  3.281205169e+05  4.700416164e+03  3.234201007e+05  2.593377441e+02  4.284381687e+05
2.300000000e+00  3.276949335e+05  4.016901890e+03  3.236780316e+05  2.595445687e+02  4.243073998e+05
2.320000000e+00  3.275733550e+05  4.712301643e+02  3.271021249e+05  2.622902132e+02  4.009135685e+05
2.340000000e+00  3.277090718e+05  -2.590644493e+03  3.302997162e+05  2.648542348e+02  3.796547325e+05
2.360000000e+00  3.278384125e+05  -4.210776772e+03  3.320491892e+05  2.662570678e+02  3.672883546e+05
2.380000000e+00  3.279058188e+05  -4.891902957e+03  3.327977217e+05  2.668572863e+02  3.612566270e+05
2.400000000e+00  3.279338453e+05  -5.140748961e+03  3.330745943e+05  2.670792994e+02  3.585589710e+05
2.420000000e+00  3.279435648e+05  -5.224215663e+03  3.331677805e+05  2.671540217e+02  3.574784795e+05
2.440000000e+00  3.279459084e+05  -5.257582599e+03  3.332034910e+05  2.671826565e+02  3.571934658e+05
2.460000000e+00  3.279458720e+05  -5.283474037e+03  3.332293460e+05  2.672033887e+02  3.573463678e+05
2.480000000e+00  3.279457772e+05  -5.311378220e+03  3.332571555e+05  2.672256880e+02  3.578107930e+05
2.500000000e+00  3.279468886e+05  -5.334334073e+03  3.332812226e+05  2.672449865e+02  3.585846613e+05
2.520000000e+00  3.279501198e+05  -5.335034524e+03  3.332851543e+05  2.672481391e+02  3.597443374e+05
2.540000000e+00  3.279562331e+05  -5.287866893e+03  3.332441000e+05  2.672152193e+02  3.614216048e+05
2.560000000e+00  3.279655850e+05  -5.161421484e+03  3.331270065e+05  2.671213267e+02  3.637748376e+05
2.580000000e+00  3.279772736e+05  -4.926742845e+03  3.329040165e+05  2.669425198e+02  3.669214554e+05
2.600000000e+00  3.279877467e+05  -4.577457427e+03  3.325652041e+05  2.666708396e+02  3.707973177e+05
2.620000000e+00  3.279901065e+05  -4.161772097e+03  3.321518786e+05  2.663394103e+02  3.749545446e+05
2.640000000e+00  3.279771260e+05  -3.803541558e+03  3.317806675e+05  2.660417509e+02  3.784557080e+05
2.660000000e+00  3.279490248e+05  -3.664513617e+03  3.316135384e+05  2.659077367e+02  3.801640315e+05
2.680000000e+00  3.279179085e+05  -3.836842755e+03  3.317547513e+05  2.660209697e+02  3.794661845e+05
2.700000000e+00  3.278991155e+05  -4.261769457e+03  3.321608849e+05  2.663466321e+02  3.767919084e+05
2.720000000e+00  3.278983888e+05  -4.773559832e+03  3.326719486e+05  2.667564338e+02  3.733113012e+05
2.740000000e+00  3.279108663e+05  -5.212785883e+03  3.331236522e+05  2.671186370e+02  3.701811070e+05
2.760000000e+00  3.279287999e+05  -5.491167497e+03  3.334199674e+05  2.673562404e+02  3.680933744e+05
2.780000000e+00  3.279466811e+05  -5.587230754e+03  3.335339118e+05  2.674476079e+02  3.672704458e+05
2.800000000e+00  3.279613750e+05  -5.520224697e+03  3.334815997e+05  2.674056609e+02  3.676165926e+05
2.820000000e+00  3.279705431e+05  -5.335154881e+03  3.333056980e+05  2.672646123e+02  3.688176032e+05
2.840000000e+00  3.279720284e+05  -5.099657353e+03  3.330716858e+05  2.670769672e+02  3.703788173e+05
2.860000000e+00  3.279650457e+05  -4.896909780e+03  3.328619555e+05  2.669087928e+02  3.716972903e+05
2.880000000e+00  3.279520600e+05  -4.801017139e+03  3.327530771e+05  2.668214876e+02  3.722466433e+05
2.900000000e+00  3.279387197e+05  -4.842274105e+03  3.327809938e+05  2.668438729e+02  3.718167726e+05
2.920000000e+00  3.279307724e+05  -4.990658881e+03  3.329214313e+05  2.669564841e+02  3.706217173e+05
2.940000000e+00  3.279307338e+05  -5.174865787e+03  3.331055996e+05  2.671041614e+02  3.691676120e+05
2.960000000e+00  3.279373964e+05  -5.320042349e+03  3.332574387e+05  2.672259151e+02  3.679933949e+05
2.980000000e+00  3.279475862e+05  -5.376049144e+03  3.333236354e+05  2.672789956e+02  3.674695692e+05
3.000000000e+00  3.279577795e+05  -5.327306190e+03  3.332850857e+05  2.672480841e+02  3.677188590e+05
3.020000000e+00  3.279647051e+05  -5.192295436e+03  3.331570006e+05  2.671453777e+02  3.686135309e+05
3.040000000e+00  3.279657483e+05  -5.019108401e+03  3.329848567e+05  2.670073424e+02  3.698113089e+05
3.060000000e+00  3.279600344e+05  -4.873490745e+03  3.328335252e+05  2.668859956e+02  3.708502468e+05
3.080000000e+00  3.279497445e+05  -4.813679304e+03  3.327634238e+05  2.668297841e+02  3.713312694e+05
3.100000000e+00  3.279399605e+05  -4.858827233e+03  3.327987878e+05  2.668581411e+02  3.711346362e+05
3.120000000e+00  3.279363394e+05  -4.971593846e+03  3.329079332e+05  2.669456605e+02  3.705321093e+05
3.140000000e+00  3.279424862e+05  -5.067889937e+03  3.330103762e+05  2.670278054e+02  3.701109216e+05
3.160000000e+00  3.279589945e+05  -5.044209869e+03  3.330032043e+05  2.670220546e+02  3.705721112e+05
3.180000000e+00  3.279832142e+05  -4.808563626e+03  3.327917778e+05  2.668525201e+02  3.724960422e+05
3.200000000e+00  3.280074086e+05  -4.321389475e+03  3.323287981e+05  2.664812750e+02  3.760466213e+05
3.220000000e+00  3.280165888e+05  -3.660778139e+03  3.316773669e+05  2.659589182e+02  3.805511649e+05
3.240000000e+00  3.279948883e+05  -3.071384770e+03  3.310662731e+05  2.654689063e+02  3.842472061e+05
3.260000000e+00  3.279453885e+05  -2.868883834e+03  3.308142723e+05  2.652668369e+02  3.849929690e+05
3.280000000e+00  3.278974881e+05  -3.181783792e+03  3.310792719e+05  2.654793296e+02  3.819664480e+05
3.300000000e+00  3.278777598e+05  -3.828239129e+03  3.317059989e+05  2.659818771e+02  3.764271055e+05
3.320000000e+00  3.278853848e+05  -4.509321053e+03  3.323947059e+05  2.665341239e+02  3.704495190e+05
3.340000000e+00  3.279043513e+05  -5.037780738e+03  3.329421321e+05  2.669730832e+02  3.654271584e+05
3.360000000e+00  3.279222572e+05  -5.376015685e+03  3.332982729e+05  2.672586584e+02  3.617775345e+05
3.380000000e+00  3.279346166e+05  -5.565039115e+03  3.334996557e+05  2.674201393e+02  3.593625527e+05
3.400000000e+00  3.279415771e+05  -5.661713866e+03  3.336032909e+05  2.675032403e+02  3.578913247e+05
3.420000000e+00  3.279448618e+05  -5.710937189e+03  3.336557990e+05  2.675453444e+02  3.571175977e+05
3.440000000e+00  3.279465153e+05  -5.738158837e+03  3.336846741e+05  2.675684982e+02  3.569075527e+05
3.460000000e+00  3.279488240e+05  -5.747277643e+03  3.336961016e+05  2.675776615e+02  3.572665276e+05
3.480000000e+00  3.279548508e+05  -5.715610434e+03  3.336704612e+05  2.675571015e+02  3.583757610e+05
3.500000000e+00  3.279692982e+05  -5.581439079e+03  3.335507373e+05  2.674610996e+02  3.606642814e+05
3.520000000e+00  3.279989913e+05  -5.223896392e+03  3.332228877e+05  2.671982100e+02  3.649075887e+05
3.540000000e+00  3.280498392e+05  -4.453129864e+03  3.325029690e+05  2.666209358e+02  3.722225730e+05
3.560000000e+00  3.281118148e+05  -3.088733089e+03  3.312005479e+05  2.655765760e+02  3.834639005e+05
3.580000000e+00  3.281305257e+05  -1.277424136e+03  3.294079499e+05  2.641391628e+02  3.971659020e+05
3.600000000e+00  3.280320796e+05  1.038263145e+02  3.279282533e+05  2.629526528e+02  4.072366966e+05
3.620000000e+00  3.278684778e+05  1.739554869e+01  3.278510822e+05  2.628907724e+02  4.069641213e+05
3.640000000e+00  3.277948803e+05  -1.300425094e+03  3.290953054e+05  2.638884655e+02  3.979969891e+05
3.660000000e+00  3.278303782e+05  -2.693760248e+03  3.305241384e+05  2.650341901e+02  3.878676678e+05
3.680000000e+00  3.278932505e+05  -3.517860752e+03  3.314111112e+05  2.657454184e+02  3.809709786e+05
3.700000000e+00  3.279352654e+05  -3.812239032e+03  3.317475044e+05  2.660151587e+02  3.773340605e+05
3.720000000e+00  3.279502856e+05  -3.841663624e+03  3.317919492e+05  2.660507972e+02  3.754008912e+05
3.740000000e+00  3.279478872e+05  -3.828086913e+03  3.317759741e+05  2.660379874e+02  3.737731478e+05
3.760000000e+00  3.279398024e+05  -3.879029265e+03  3.318188317e+05  2.660723532e+02  3.717478123e+05
3.780000000e+00  3.279341582e+05  -4.001753663e+03  3.319359119e+05  2.661662352e+02  3.692748825e+05
3.800000000e+00  3.279336598e+05  -4.152551598e+03  3.320862114e+05  2.662867544e+02  3.666550972e+05
3.820000000e+00  3.279371420e+05  -4.284407298e+03  3.322215493e+05  2.663952765e+02  3.642279308e+05
3.840000000e+00  3.279422666e+05  -4.370491824e+03  3.323127584e+05  2.664684134e+02  3.622072585e+05
3.860000000e+00  3.279472298e+05  -4.405178262e+03  3.323524081e+05  2.665002070e+02  3.606631857e+05
3.880000000e+00  3.279511637e+05  -4.395618321e+03  3.323467820e+05  2.664956956e+02  3.595706641e+05
3.900000000e+00  3.279538876e+05  -4.353518504e+03  3.323074061e+05  2.664641216e+02  3.588623712e+05
3.920000000e+00  3.279555636e+05  -4.290234309e+03  3.322457980e+05  2.664147205e+02  3.584631063e+05
3.940000000e+00  3.279564608e+05  -4.214765661e+03  3.321712265e+05  2.663549246e+02  3.583060705e+05
3.960000000e+00  3.279568354e+05  -4.133433706e+03  3.320902691e+05  2.662900081e+02  3.583377129e+05
3.980000000e+00  3.279568853e+05  -4.050303567e+03  3.320071889e+05  2.662233894e+02  3.585168631e+05
4.000000000e+00  3.279567398e+05  -3.967844203e+03  3.319245840e+05  2.661571518e+02  3.588115496e+05
4.020000000e+00  3.279564624e+05  -3.887604110e+03  3.318440665e+05  2.660925880e+02  3.591951865e+05
4.040000000e+00  3.279560595e+05  -3.810822747e+03  3.317668823e+05  2.660306970e+02  3.596429041e+05
4.060000000e+00  3.279554914e+05  -3.738943775e+03  3.316944352e+05  2.659726046e+02  3.601284629e+05
4.080000000e+00  3.279546879e+05  -3.673993157e+03  3.316286810e+05  2.659198789e+02  3.606221608e+05
4.100000000e+00  3.279535701e+05  -3.618767172e+03  3.315723373e+05  2.658746991e+02  3.610901992e+05
4.120000000e+00  3.279520778e+05  -3.576770991e+03  3.315288488e+05  2.658398274e+02  3.614959313e+05
4.140000000e+00  3.279501958e+05  -3.551881276e+03  3.315020771e+05  2.658183603e+02  3.618031173e+05
4.160000000e+00  3.279479722e+05  -3.547782574e+03  3.314957547e+05  2.658132906e+02  3.619807354e+05
4.180000000e+00  3.279455171e+05  -3.567322972e+03  3.315128400e+05  2.658269907e+02  3.620082310e+05
4.200000000e+00  3.279429816e+05  -3.611995261e+03  3.315549769e+05  2.658607785e+02  3.618796907e+05
4.220000000e+00  3.279405219e+05  -3.681722025e+03  3.316222440e+05  2.659147173e+02  3.616056681e+05
4.240000000e+00  3.279382662e+05  -3.774998070e+03  3.317132643e+05  2.659877029e+02  3.612122885e+05
4.260000000e+00  3.279362995e+05  -3.889275332e+03  3.318255748e+05  2.660777602e+02  3.607384422e+05
4.280000000e+00  3.279346768e+05  -4.021344614e+03  3.319560214e+05  2.661823602e+02  3.602327809e+05
4.300000000e+00  3.279334659e+05  -4.167421213e+03  3.321008871e+05  2.662985223e+02  3.597525314e+05
4.320000000e+00  3.279328152e+05  -4.322658862e+03  3.322554741e+05  2.664224794e+02  3.593659319e+05
4.340000000e+00  3.279330478e+05  -4.479840119e+03  3.324128880e+05  2.665487034e+02  3.591597392e+05
4.360000000e+00  3.279347810e+05  -4.626984452e+03  3.325617655e+05  2.666680823e+02  3.592529267e+05
4.380000000e+00  3.279390637e+05  -4.743639826e+03  3.326827035e+05  2.667650577e+02  3.598169485e+05
4.400000000e+00  3.279474632e+05  -4.795978842e+03  3.327434421e+05  2.668137616e+02  3.610997910e+05
4.420000000e+00  3.279618613e+05  -4.732328195e+03  3.326941895e+05  2.667742679e+02  3.634404583e+05
4.440000000e+00  3.279833508e+05  -4.485055200e+03  3.324684060e+05  2.665932211e+02  3.672334181e+05
4.460000000e+00  3.280093268e+05  -3.992895261e+03  3.320022220e+05  2.662194066e+02  3.727558809e+05
4.480000000e+00  3.280292782e+05  -3.261691643e+03  3.312909698e+05  2.656490817e+02  3.797618938e+05
4.500000000e+00  3.280257606e+05  -2.447166280e+03  3.304729269e+05  2.649931256e+02  3.869848739e+05
4.520000000e+00  3.279906452e+05  -1.847196434e+03  3.298378416e+05  2.644838759e+02  3.922791651e+05
4.540000000e+00  3.279431594e+05  -1.693068098e+03  3.296362275e+05  2.643222095e+02  3.940333127e+05
4.560000000e+00  3.279124563e+05  -1.937684655e+03  3.298501410e+05  2.644937382e+02  3.925217571e+05
4.580000000e+00  3.279040637e+05  -2.357826963e+03  3.302618907e+05  2.648239040e+02  3.892285077e+05
4.600000000e+00  3.279040131e+05  -2.803153362e+03  3.307071664e+05  2.651809530e+02  3.852482832e+05
4.620000000e+00  3.279029625e+05  -3.252242173e+03  3.311552047e+05  2.655402171e+02  3.808950849e+05
4.640000000e+00  3.279022683e+05  -3.713550973e+03  3.316158193e+05  2.659095656e+02  3.762905274e+05
4.660000000e+00  3.279055721e+05  -4.161546698e+03  3.320671188e+05  2.662714448e+02  3.717511769e+05
4.680000000e+00  3.279130312e+05  -4.552154387e+03  3.324651856e+05  2.665906388e+02  3.676888360e+05
4.700000000e+00  3.279209474e+05  -4.859494911e+03  3.327804423e+05  2.668434306e+02  3.644073484e+05
4.720000000e+00  3.279296180e+05  -5.093043620e+03  3.330226616e+05  2.670376567e+02  3.620193356e+05
4.740000000e+00  3.279372231e+05  -5.245347914e+03  3.331825710e+05  2.671658816e+02  3.604481033e+05
4.760000000e+00  3.279437271e+05  -5.328164184e+03  3.332718913e+05  2.672375040e+02  3.596670175e+05
4.780000000e+00  3.279499001e+05  -5.348607544e+03  3.332985076e+05  2.672588466e+02  3.596564472e+05
4.800000000e+00  3.279567664e+05  -5.304268027e+03  3.332610344e+05  2.672287984e+02  3.604372567e+05
4.820000000e+00  3.279650890e+05  -5.183475177e+03  3.331485642e+05  2.671386129e+02  3.620673515e+05
4.840000000e+00  3.279746615e+05  -4.971617129e+03  3.329462786e+05  2.669764082e+02  3.645955124e+05
4.860000000e+00  3.279833746e+05  -4.665979294e+03  3.326493539e+05  2.667383160e+02  3.679604064e+05
4.880000000e+00  3.279867795e+05  -4.298232941e+03  3.322850124e+05  2.664461650e+02  3.718483547e+05
4.900000000e+00  3.279799225e+05  -3.950299484e+03  3.319302220e+05  2.661616727e+02  3.756098065e+05
4.920000000e+00  3.279622622e+05  -3.733776204e+03  3.316960384e+05  2.659738902e+02  3.784229494e+05
4.940000000e+00  3.279412998e+05  -3.721235833e+03  3.316625357e+05  2.659470256e+02  3.797591360e+05
4.960000000e+00  3.279280994e+05  -3.883022096e+03  3.318111215e+05  2.660661707e+02  3.797884606e+05
4.980000000e+00  3.279276380e+05  -4.105768646e+03  3.320334066e+05  2.662444123e+02  3.792439404e+05
5.000000000e+00  3.279352491e+05  -4.281403935e+03  3.322166531e+05  2.663913504e+02  3.788329426e+05
5.020000000e+00  3.279420175e+05  -4.378761219e+03  3.323207788e+05  2.664748446e+02  3.787669428e+05
5.040000000e+00  3.279425409e+05  -4.441767372e+03  3.323843082e+05  2.665257864e+02  3.787730617e+05
5.060000000e+00  3.279388765e+05  -4.527461799e+03  3.324663383e+05  2.665915631e+02  3.784994436e+05
5.080000000e+00  3.279378366e+05  -4.640985840e+03  3.325788224e+05  2.666817596e+02  3.779359572e+05
5.100000000e+00  3.279440889e+05  -4.725669332e+03  3.326697582e+05  2.667546774e+02  3.774714932e+05
5.120000000e+00  3.279558932e+05  -4.712876542e+03  3.326687698e+05  2.667538848e+02  3.775627908e+05
5.140000000e+00  3.279669295e+05  -4.580538065e+03  3.325474676e+05  2.666566174e+02  3.783502640e+05
5.160000000e+00  3.279718567e+05  -4.369383158e+03  3.323412399e+05  2.664912516e+02  3.795548634e+05
5.180000000e+00  3.279713364e+05  -4.142801558e+03  3.321141380e+05  2.663091476e+02  3.807443008e+05
5.200000000e+00  3.279718368e+05  -3.921920309e+03  3.318937571e+05  2.661324329e+02  3.817521339e+05
5.220000000e+00  3.279784424e+05  -3.663253524e+03  3.316416959e+05  2.659303151e+02  3.828116920e+05
5.240000000e+00  3.279871810e+05  -3.319636827e+03  3.313068178e+05  2.656617896e+02  3.841548661e+05
5.260000000e+00  3.279854383e+05  -2.935612708e+03  3.309210510e+05  2.653524585e+02  3.854003621e+05
5.280000000e+00  3.279645461e+05  -2.674396959e+03  3.306389431e+05  2.651262473e+02  3.854373700e+05
5.300000000e+00  3.279328620e+05  -2.696533801e+03  3.306293958e+05  2.651185917e+02  3.832388071e+05
5.320000000e+00  3.279100163e+05  -3.001675966e+03  3.309116923e+05  2.653449541e+02  3.788778090e+05
5.340000000e+00  3.279066976e+05  -3.428300363e+03  3.313349980e+05  2.656843861e+02  3.735088707e+05
5.360000000e+00  3.279181161e+05  -3.798164049e+03  3.317162801e+05  2.659901212e+02  3.684219721e+05
5.380000000e+00  3.279341689e+05  -4.020610082e+03  3.319547790e+05  2.661813639e+02  3.643448135e+05
5.400000000e+00  3.279481324e+05  -4.090840575e+03  3.320389730e+05  2.662488758e+02  3.614214638e+05
5.420000000e+00  3.279577810e+05  -4.045101782e+03  3.320028827e+05  2.662199365e+02  3.594852082e+05
5.440000000e+00  3.279633825e+05  -3.926216292e+03  3.318895988e+05  2.661290986e+02  3.582849583e+05
5.460000000e+00  3.279659864e+05  -3.768975209e+03  3.317349616e+05  2.660051012e+02  3.575929552e+05
5.480000000e+00  3.279666253e+05  -3.597423628e+03  3.315640489e+05  2.658680530e+02  3.572352805e+05
5.500000000e+00  3.279660806e+05  -3.426623100e+03  3.313927037e+05  2.657306581e+02  3.570894869e+05
5.520000000e+00  3.279648810e+05  -3.265273280e+03  3.312301543e+05  2.656003162e+02  3.570729757e+05
5.540000000e+00  3.279633606e+05  -3.117924241e+03  3.310812849e+05  2.654809437e+02  3.571313893e+05
5.560000000e+00  3.279617217e+05  -2.986567285e+03  3.309482890e+05  2.653742996e+02  3.572295224e+05
5.580000000e+00  3.279600814e+05  -2.871678934e+03  3.308317603e+05  2.652808598e+02  3.573448883e+05
5.600000000e+00  3.279585032e+05  -2.772884199e+03  3.307313874e+05  2.652003748e+02  3.574633463e+05
5.620000000e+00  3.279570186e+05  -2.689365566e+03  3.306463842e+05  2.651322141e+02  3.575761960e+05
5.640000000e+00  3.279556157e+05  -2.620925051e+03  3.305765408e+05  2.650762094e+02  3.576764752e+05
5.660000000e+00  3.279543386e+05  -2.566035954e+03  3.305203745e+05  2.650311719e+02  3.577623386e+05
5.680000000e+00  3.279528796e+05  -2.524622387e+03  3.304775020e+05  2.649967941e+02  3.578300650e+05
5.700000000e+00  3.279518215e+05  -2.496262649e+03  3.304480841e+05  2.649732051e+02  3.578786366e+05
5.720000000e+00  3.279508368e+05  -2.478065640e+03  3.304289025e+05  2.649578241e+02  3.579119652e+05
5.740000000e+00  3.279499154e+05  -2.469353680e+03  3.304192691e+05  2.649500995e+02  3.579303362e+05
5.760000000e+00  3.279490471e+05  -2.469551142e+03  3.304185982e+05  2.649495616e+02  3.579342622e+05
5.780000000e+00  3.279482221e+05  -2.478181992e+03  3.304264041e+05  2.649558208e+02  3.579244046e+05
5.800000000e+00  3.279474310e+05  -2.494865957e+03  3.304422969e+05  2.649685646e+02  3.579015356e+05
5.820000000e+00  3.279466647e+05  -2.519314662e+03  3.304659794e+05  2.649875546e+02  3.578665334e+05
5.840000000e+00  3.279459146e+05  -2.551328311e+03  3.304972430e+05  2.650126236e+02  3.578204080e+05
5.860000000e+00  3.279451723e+05  -2.590792741e+03  3.305359650e+05  2.650436733e+02  3.577643598e+05
5.880000000e+00  3.279444296e+05  -2.637675819e+03  3.305821054e+05  2.650806715e+02  3.576998823e+05
5.900000000e+00  3.279436796e+05  -2.692020951e+03  3.306357005e+05  2.651236473e+02  3.576289258e+05
5.920000000e+00  3.279429168e+05  -2.753933668e+03  3.306968505e+05  2.651726810e+02  3.575541540e+05
5.940000000e+00  3.279421397e+05  -2.823554409e+03  3.307656941e+05  2.652278840e+02  3.574793416e+05
5.960000000e+00  3.279413533e+05  -2.901006072e+03  3.308423594e+05  2.652893588e+02  3.574099925e+05
5.980000000e+00  3.279405750e+05  -2.986297513e+03  3.309268725e+05  2.653571265e+02  3.573543000e+05
6.000000000e+00  3.279398439e+05  -3.079152125e+03  3.310189961e+05  2.654309968e+02  3.573246417e+05
6.020000000e+00  3.279390889e+05  -3.180087118e+03  3.311191760e+05  2.655113271e+02  3.573367418e+05
6.040000000e+00  3.279387430e+05  -3.287478591e+03  3.312262216e+05  2.655971627e+02  3.574192457e+05
6.060000000e+00  3.279388982e+05  -3.395784558e+03  3.313346828e+05  2.656841334e+02  3.576203534e+05
6.080000000e+00  3.279399543e+05  -3.497923701e+03  3.314378780e+05  2.657668816e+02  3.580086427e+05
6.100000000e+00  3.279425214e+05  -3.581645169e+03  3.315241666e+05  2.658360729e+02  3.586880051e+05
6.120000000e+00  3.279475787e+05  -3.626742921e+03  3.315743216e+05  2.658762903e+02  3.598119931e+05
6.140000000e+00  3.279562682e+05  -3.602007530e+03  3.315582757e+05  2.658634237e+02  3.615950992e+05
6.160000000e+00  3.279695174e+05  -3.465283704e+03  3.314348011e+05  2.657644143e+02  3.643011406e+05
6.180000000e+00  3.279865973e+05  -3.172673356e+03  3.311592706e+05  2.655434774e+02  3.681659018e+05
6.200000000e+00  3.280024456e+05  -2.709231586e+03  3.307116772e+05  2.651845700e+02  3.731843002e+05
6.220000000e+00  3.280058119e+05  -2.145214406e+03  3.301510263e+05  2.647350062e+02  3.787548996e+05
6.240000000e+00  3.279847978e+05  -1.676804749e+03  3.296616025e+05  2.643425568e+02  3.834710711e+05
6.260000000e+00  3.279430224e+05  -1.547368504e+03  3.294903909e+05  2.642052690e+02  3.857039430e+05
6.280000000e+00  3.279069530e+05  -1.831255271e+03  3.297382083e+05  2.644039839e+02  3.850213889e+05
6.300000000e+00  3.279051608e+05  -2.301836635e+03  3.302069974e+05  2.647798873e+02  3.829963111e+05
6.320000000e+00  3.279468393e+05  -2.547226728e+03  3.304940661e+05  2.650100762e+02  3.823956590e+05
6.340000000e+00  3.280228690e+05  -2.169805052e+03  3.301926740e+05  2.647684019e+02  3.857895731e+05
6.360000000e+00  3.280995004e+05  -9.827398774e+02  3.290822402e+05  2.638779891e+02  3.941473642e+05
6.380000000e+00  3.280971202e+05  6.120600244e+02  3.274850602e+05  2.625972738e+02  4.044394263e+05
6.400000000e+00  3.279598743e+05  1.419681452e+03  3.265401929e+05  2.618396222e+02  4.087219366e+05
6.420000000e+00  3.278044536e+05  5.955681999e+02  3.272088854e+05  2.623758202e+02  4.017021216e+05
6.440000000e+00  3.277712918e+05  -1.145849098e+03  3.289171409e+05  2.637456025e+02  3.881349522e+05
6.460000000e+00  3.278259082e+05  -2.655571589e+03  3.304814797e+05  2.649999838e+02  3.756014624e+05
6.480000000e+00  3.278882432e+05  -3.531200471e+03  3.314194437e+05  2.657520998e+02  3.670549274e+05
6.500000000e+00  3.279293225e+05  -3.896728525e+03  3.318260510e+05  2.660781421e+02  3.620197436e+05
6.520000000e+00  3.279509507e+05  -3.966138686e+03  3.319170894e+05  2.661511422e+02  3.592687828e+05
6.540000000e+00  3.279606368e+05  -3.891679711e+03  3.318523165e+05  2.660992034e+02  3.578420213e+05
6.560000000e+00  3.279639876e+05  -3.759259505e+03  3.317232471e+05  2.659957077e+02  3.571469175e+05
6.580000000e+00  3.279642310e+05  -3.612577243e+03  3.315768083e+05  2.658782842e+02  3.568462723e+05
6.600000000e+00  3.279630552e+05  -3.472345888e+03  3.314354011e+05  2.657648954e+02  3.567533051e+05
6.620000000e+00  3.279613007e+05  -3.347572197e+03  3.313088729e+05  2.656634375e+02  3.567651858e+05
6.640000000e+00  3.279593689e+05  -3.241550901e+03  3.312009198e+05  2.655768742e+02  3.568253100e+05
6.660000000e+00  3.279574392e+05  -3.154927904e+03  3.311123671e+05  2.655058673e+02  3.569026359e+05
6.680000000e+00  3.279555806e+05  -3.087234723e+03  3.310428154e+05  2.654500965e+02  3.569804776e+05
6.700000000e+00  3.279538096e+05  -3.037639421e+03  3.309914490e+05  2.654089079e+02  3.570504743e+05
6.720000000e+00  3.279521196e+05  -3.005292479e+03  3.309574121e+05  2.653816150e+02  3.571094454e+05
6.740000000e+00  3.279504984e+05  -2.989452656e+03  3.309399510e+05  2.653676137e+02  3.571579578e+05
6.760000000e+00  3.279489401e+05  -2.989474428e+03  3.309384145e+05  2.653663816e+02  3.572000522e+05
6.780000000e+00  3.279474577e+05  -3.004677118e+03  3.309521348e+05  2.653773834e+02  3.572439607e+05
6.800000000e+00  3.279460998e+05  -3.034068926e+03  3.309801687e+05  2.653998627e+02  3.573039414e+05
6.820000000e+00  3.279449781e+05  -3.075848759e+03  3.310208268e+05  2.654324648e+02  3.574036544e+05
6.840000000e+00  3.279443128e+05  -3.126540246e+03  3.310708531e+05  2.654725788e+02  3.575818759e+05
6.860000000e+00  3.279445084e+05  -3.179514397e+03  3.311240228e+05  2.655152135e+02  3.579018206e+05
6.880000000e+00  3.279462693e+05  -3.222537377e+03  3.311688067e+05  2.655511240e+02  3.584657921e+05
6.900000000e+00  3.279507547e+05  -3.233924872e+03  3.311846796e+05  2.655638518e+02  3.594366080e+05
6.920000000e+00  3.279596925e+05  -3.177249888e+03  3.311369424e+05  2.655255732e+02  3.610638650e+05
6.940000000e+00  3.279751454e+05  -2.996422520e+03  3.309715679e+05  2.653929660e+02  3.636998772e+05
6.960000000e+00  3.279980803e+05  -2.618776443e+03  3.306168567e+05  2.651085372e+02  3.677531906e+05
6.980000000e+00  3.280243732e+05  -1.985710723e+03  3.300100839e+05  2.646219902e+02  3.734587809e+05
7.000000000e+00  3.280389887e+05  -1.136699766e+03  3.291756884e+05  2.639529215e+02  3.803266638e+05
7.020000000e+00  3.280186706e+05  -3.182138780e+02  3.283368845e+05  2.632803179e+02  3.865017918e+05
7.040000000e+00  3.279580856e+05  6.067163544e+01  3.278974139e+05  2.629279239e+02  3.891773875e+05
7.060000000e+00  3.278925663e+05  -2.351318999e+02  3.281276982e+05  2.631125798e+02  3.868271027e+05
7.080000000e+00  3.278633847e+05  -1.004420851e+03  3.288678055e+05  2.637060424e+02  3.808360976e+05
7.100000000e+00  3.278728581e+05  -1.836928279e+03  3.297097864e+05  2.643811935e+02  3.740068021e+05
7.120000000e+00  3.278984915e+05  -2.465766303e+03  3.303642578e+05  2.649059881e+02  3.682711348e+05
7.140000000e+00  3.279227404e+05  -2.837191394e+03  3.307599318e+05  2.652232634e+02  3.641800618e+05
7.160000000e+00  3.279397606e+05  -3.005406716e+03  3.309451673e+05  2.653717964e+02  3.615231150e+05
7.180000000e+00  3.279499041e+05  -3.043277178e+03  3.309931813e+05  2.654102969e+02  3.598957579e+05
7.200000000e+00  3.279551991e+05  -3.008505667e+03  3.309637048e+05  2.653866609e+02  3.589420495e+05
7.220000000e+00  3.279574901e+05  -2.938845016e+03  3.308963351e+05  2.653326398e+02  3.584079698e+05
7.240000000e+00  3.279580533e+05  -2.856767643e+03  3.308148209e+05  2.652672768e+02  3.581272556e+05
7.260000000e+00  3.279576834e+05  -2.774766770e+03  3.307324502e+05  2.652012270e+02  3.579954649e+05
7.280000000e+00  3.279568437e+05  -2.699371714e+03  3.306562155e+05  2.651400974e+02  3.579481743e+05
7.300000000e+00  3.279557962e+05  -2.633691465e+03  3.305894877e+05  2.650865911e+02  3.579460222e+05
7.320000000e+00  3.279546836e+05  -2.578934164e+03  3.305336177e+05  2.650417911e+02  3.579651330e+05
7.340000000e+00  3.279535796e+05  -2.535297057e+03  3.304888767e+05  2.650059151e+02  3.579911476e+05
7.360000000e+00  3.279525194e+05  -2.502474297e+03  3.304549937e+05  2.649787456e+02  3.580155543e+05
7.380000000e+00  3.279515162e+05  -2.479940662e+03  3.304314569e+05  2.649598724e+02  3.580334427e+05
7.400000000e+00  3.279505720e+05  -2.467108141e+03  3.304176801e+05  2.649488254e+02  3.580421265e+05
7.420000000e+00  3.279496825e+05  -2.463407253e+03  3.304130898e+05  2.649451446e+02  3.580403035e+05
7.440000000e+00  3.279488411e+05  -2.468326474e+03  3.304171676e+05  2.649484144e+02  3.580275474e+05
7.460000000e+00  3.279480402e+05  -2.481427598e+03  3.304294678e+05  2.649582774e+02  3.580040073e+05
7.480000000e+00  3.279472724e+05  -2.502347299e+03  3.304496197e+05  2.649744364e+02  3.579702425e+05
7.500000000e+00  3.279465314e+05  -2.530790584e+03  3.304773220e+05  2.649966498e+02  3.579271467e+05
7.520000000e+00  3.279458121e+05  -2.566518961e+03  3.305123311e+05  2.650247222e+02  3.578759381e+05
7.540000000e+00  3.279451113e+05  -2.609335282e+03  3.305544466e+05  2.650584930e+02  3.578182006e+05
7.560000000e+00  3.279444281e+05  -2.659061393e+03  3.306034895e+05  2.650978186e+02  3.577559802e+05
7.580000000e+00  3.279437644e+05  -2.715513172e+03  3.306592776e+05  2.651425528e+02  3.576919280e+05
7.600000000e+00  3.279431259e+05  -2.778467452e+03  3.307215934e+05  2.651925214e+02  3.576295047e+05
7.620000000e+00  3.279425234e+05  -2.847616795e+03  3.307901402e+05  2.652474864e+02  3.575732660e+05
7.640000000e+00  3.279419746e+05  -2.922509018e+03  3.308644836e+05  2.653070994e+02  3.575292443e+05
7.660000000e+00  3.279415066e+05  -3.002464965e+03  3.309439716e+05  2.653708376e+02  3.575054544e+05
7.680000000e+00  3.279411591e+05  -3.086467078e+03  3.310276262e+05  2.654379169e+02  3.575125514e+05
7.700000000e+00  3.279409886e+05  -3.173010722e+03  3.311139993e+05  2.655071761e+02  3.575646583e+05
7.720000000e+00  3.279410727e+05  -3.259912073e+03  3.312009847e+05  2.655769262e+02  3.576803566e+05
7.740000000e+00  3.279415139e+05  -3.344074039e+03  3.312855880e+05  2.656447662e+02  3.578837557e+05
7.760000000e+00  3.279424399e+05  -3.421231858e+03  3.313636718e+05  2.657073786e+02  3.582054030e+05
7.780000000e+00  3.279439939e+05  -3.485743713e+03  3.314297376e+05  2.657603541e+02  3.586824877e+05
7.800000000e+00  3.279463056e+05  -3.530574039e+03  3.314768796e+05  2.657981554e+02  3.593572619e+05
7.820000000e+00  3.279494273e+05  -3.547748689e+03  3.314971760e+05  2.658144303e+02  3.602718230e+05
7.840000000e+00  3.279532204e+05  -3.529717806e+03  3.314829383e+05  2.658030136e+02  3.614566086e+05
7.860000000e+00  3.279571986e+05  -3.472117795e+03  3.314293164e+05  2.657600164e+02  3.629100355e+05
7.880000000e+00  3.279603937e+05  -3.378064488e+03  3.313384582e+05  2.656871607e+02  3.645696766e+05
7.900000000e+00  3.279614179e+05  -3.262901902e+03  3.312243198e+05  2.655956377e+02  3.662837237e+05
7.920000000e+00  3.279589240e+05  -3.156184411e+03  3.311151084e+05  2.655080654e+02  3.678045587e+05
7.940000000e+00  3.279524778e+05  -3.096657996e+03  3.310491358e+05  2.654551646e+02  3.688318462e+05
7.960000000e+00  3.279432910e+05  -3.118560709e+03  3.310618517e+05  2.654653610e+02  3.691119521e+05
7.980000000e+00  3.279339803e+05  -3.235456743e+03  3.311694370e+05  2.655516294e+02  3.685495596e+05
8.000000000e+00  3.279272220e+05  -3.433062431e+03  3.313602844e+05  2.657046623e+02  3.672551528e+05
8.020000000e+00  3.279243569e+05  -3.676956735e+03  3.316013137e+05  2.658979341e+02  3.654909319e+05
8.040000000e+00  3.279250575e+05  -3.928846809e+03  3.318539043e+05  2.661004766e+02  3.635578634e+05
8.060000000e+00  3.279280174e+05  -4.159944710e+03  3.320879621e+05  2.662881582e+02  3.616999101e+05
8.080000000e+00  3.279318378e+05  -4.355651179e+03  3.322874890e+05  2.664481509e+02  3.600654446e+05
8.100000000e+00  3.279355085e+05  -4.513356158e+03  3.324488647e+05  2.665775517e+02  3.587164710e+05
8.120000000e+00  3.279385749e+05  -4.637837282e+03  3.325764121e+05  2.666798269e+02  3.576577224e+05
8.140000000e+00  3.279408965e+05  -4.735824132e+03  3.326767207e+05  2.667602603e+02  3.568678895e+05
8.160000000e+00  3.279425692e+05  -4.814352390e+03  3.327569216e+05  2.668245703e+02  3.563176129e+05
8.180000000e+00  3.279437954e+05  -4.878837002e+03  3.328226324e+05  2.668772612e+02  3.559824421e+05
8.200000000e+00  3.279448231e+05  -4.932382078e+03  3.328772051e+05  2.669210209e+02  3.558490719e+05
8.220000000e+00  3.279459193e+05  -4.975492360e+03  3.329214117e+05  2.669564683e+02  3.559181879e+05
8.240000000e+00  3.279473579e+05  -5.005954209e+03  3.329533122e+05  2.669820481e+02  3.562053011e+05
8.260000000e+00  3.279494005e+05  -5.018859756e+03  3.329682602e+05  2.669940344e+02  3.567396744e+05
8.280000000e+00  3.279522467e+05  -5.006969226e+03  3.329592160e+05  2.669867821e+02  3.575600499e+05
8.300000000e+00  3.279559288e+05  -4.961861376e+03  3.329177902e+05  2.669535644e+02  3.587043819e+05
8.320000000e+00  3.279601326e+05  -4.876547185e+03  3.328366798e+05  2.668885252e+02  3.601897237e+05
8.340000000e+00  3.279639858e+05  -4.750129378e+03  3.327141151e+05  2.667902455e+02  3.619797441e+05
8.360000000e+00  3.279659739e+05  -4.594069468e+03  3.325600434e+05  2.666667014e+02  3.639448041e+05
8.380000000e+00  3.279642922e+05  -4.437144237e+03  3.324014365e+05  2.665395209e+02  3.658356869e+05
8.400000000e+00  3.279578351e+05  -4.323327088e+03  3.322811622e+05  2.664430777e+02  3.673086752e+05
8.420000000e+00  3.279473946e+05  -4.297874388e+03  3.322452690e+05  2.664142964e+02  3.680292419e+05
8.440000000e+00  3.279358941e+05  -4.385746447e+03  3.323216405e+05  2.664755357e+02  3.678219136e+05
8.460000000e+00  3.279269492e+05  -4.577084596e+03  3.325040338e+05  2.666217896e+02  3.667672690e+05
8.480000000e+00  3.279228248e+05  -4.831992176e+03  3.327548170e+05  2.668228827e+02  3.651672021e+05
8.500000000e+00  3.279235984e+05  -5.100164318e+03  3.330237627e+05  2.670385396e+02  3.634093813e+05
8.520000000e+00  3.279279069e+05  -5.339560471e+03  3.332674674e+05  2.672339567e+02  3.618351590e+05
8.540000000e+00  3.279341844e+05  -5.523798693e+03  3.334579830e+05  2.673867236e+02  3.606802845e+05
8.560000000e+00  3.279414097e+05  -5.639441221e+03  3.335808510e+05  2.674852465e+02  3.600834703e+05
8.580000000e+00  3.279492052e+05  -5.679546282e+03  3.336287515e+05  2.675236561e+02  3.601224043e+05
8.600000000e+00  3.279575268e+05  -5.638730169e+03  3.335962570e+05  2.674976000e+02  3.608421553e+05
8.620000000e+00  3.279661488e+05  -5.512575214e+03  3.334787240e+05  2.674033550e+02  3.622561758e+05
8.640000000e+00  3.279740471e+05  -5.302854468e+03  3.332769016e+05  2.672415216e+02  3.643105120e+05
8.660000000e+00  3.279789285e+05  -5.028460076e+03  3.330073886e+05  2.670254098e+02  3.668146913e+05
8.680000000e+00  3.279775592e+05  -4.737295797e+03  3.327148550e+05  2.667908387e+02  3.693743698e+05
8.700000000e+00  3.279676252e+05  -4.506680825e+03  3.324743060e+05  2.665979521e+02  3.714081080e+05
8.720000000e+00  3.279504728e+05  -4.418671900e+03  3.323691447e+05  2.665136273e+02  3.723300940e+05
8.740000000e+00  3.279317951e+05  -4.516536984e+03  3.324483321e+05  2.665771246e+02  3.718468391e+05
8.760000000e+00  3.279182734e+05  -4.777093842e+03  3.326953672e+05  2.667752123e+02  3.701377775e+05
8.780000000e+00  3.279131717e+05  -5.126728835e+03  3.330399005e+05  2.670514799e+02  3.677441669e+05
8.800000000e+00  3.279153738e+05  -5.484558765e+03  3.333999326e+05  2.673401753e+02  3.652774420e+05
8.820000000e+00  3.279217203e+05  -5.794656073e+03  3.337163764e+05  2.675939190e+02  3.631945907e+05
8.840000000e+00  3.279294615e+05  -6.031831873e+03  3.339612934e+05  2.677903082e+02  3.617449378e+05
8.860000000e+00  3.279371829e+05  -6.191118132e+03  3.341283010e+05  2.679242250e+02  3.610279273e+05
8.880000000e+00  3.279446113e+05  -6.274950850e+03  3.342195622e+05  2.679974037e+02  3.610723599e+05
8.900000000e+00  3.279521057e+05  -6.284557311e+03  3.342366631e+05  2.680111162e+02  3.618920556e+05
8.920000000e+00  3.279602296e+05  -6.216154339e+03  3.341763839e+05  2.679627808e+02  3.635107332e+05
8.940000000e+00  3.279694780e+05  -6.060529320e+03  3.340300073e+05  2.678454072e+02  3.659630575e+05
8.960000000e+00  3.279800896e+05  -5.804788438e+03  3.337848781e+05  2.676488478e+02  3.692789224e+05
8.980000000e+00  3.279917468e+05  -5.436363107e+03  3.334281099e+05  2.673627695e+02  3.734504698e+05
9.000000000e+00  3.280027538e+05  -4.952524775e+03  3.329552785e+05  2.669836248e+02  3.783628736e+05
9.020000000e+00  3.280085133e+05  -4.382347662e+03  3.323908610e+05  2.665310408e+02  3.836517319e+05
9.040000000e+00  3.280011767e+05  -3.820373874e+03  3.318215505e+05  2.660745333e+02  3.885073718e+05
9.060000000e+00  3.279751282e+05  -3.435036429e+03  3.314101646e+05  2.657446593e+02  3.916736070e+05
9.080000000e+00  3.279373567e+05  -3.387954747e+03  3.313253115e+05  2.656766189e+02  3.920257673e+05
9.100000000e+00  3.279071119e+05  -3.693538370e+03  3.316006503e+05  2.658974022e+02  3.894898545e+05
9.120000000e+00  3.278982879e+05  -4.186946969e+03  3.320852349e+05  2.662859714e+02  3.852227377e+05
9.140000000e+00  3.279080134e+05  -4.657276597e+03  3.325652900e+05  2.666709085e+02  3.807251653e+05
9.160000000e+00  3.279245250e+05  -4.983368226e+03  3.329078932e+05  2.669456284e+02  3.769364162e+05
9.180000000e+00  3.279383205e+05  -5.154195068e+03  3.330925156e+05  2.670936698e+02  3.740577062e+05
9.200000000e+00  3.279457837e+05  -5.221603688e+03  3.331673874e+05  2.671537065e+02  3.718447667e+05
9.220000000e+00  3.279476154e+05  -5.247490806e+03  3.331951062e+05  2.671759332e+02  3.699489759e+05
9.240000000e+00  3.279463482e+05  -5.274660441e+03  3.332210086e+05  2.671967033e+02  3.681208792e+05
9.260000000e+00  3.279444667e+05  -5.319678224e+03  3.332641449e+05  2.672312926e+02  3.662707970e+05
9.280000000e+00  3.279434516e+05  -5.379458284e+03  3.333229099e+05  2.672784138e+02  3.644345364e+05
9.300000000e+00  3.279436868e+05  -5.442418802e+03  3.333861056e+05  2.673290880e+02  3.627035967e+05
9.320000000e+00  3.279448706e+05  -5.497379674e+03  3.334422503e+05  2.673741081e+02  3.611662840e+05
9.340000000e+00  3.279464927e+05  -5.537674715e+03  3.334841674e+05  2.674077198e+02  3.598785788e+05
9.360000000e+00  3.279481300e+05  -5.561407213e+03  3.335095372e+05  2.674280629e+02  3.588605084e+05
9.380000000e+00  3.279495413e+05  -5.569914771e+03  3.335194560e+05  2.674360164e+02  3.581053322e+05
9.400000000e+00  3.279506439e+05  -5.566020532e+03  3.335166645e+05  2.674337779e+02  3.575911809e+05
9.420000000e+00  3.279514530e+05  -5.552778647e+03  3.335042316e+05  2.674238085e+02  3.572900795e+05
9.440000000e+00  3.279520242e+05  -5.532827000e+03  3.334848512e+05  2.674082681e+02  3.571731809e+05
9.460000000e+00  3.279524152e+05  -5.508211518e+03  3.334606267e+05  2.673888435e+02  3.572128286e+05
9.480000000e+00  3.279526636e+05  -5.480502446e+03  3.334331660e+05  2.673668239e+02  3.573825402e+05
9.500000000e+00  3.279527780e+05  -5.451052852e+03  3.334038309e+05  2.673433012e+02  3.576559187e+05
9.520000000e+00  3.279527399e+05  -5.421286031e+03  3.333740260e+05  2.673194018e+02  3.580053235e+05
9.540000000e+00  3.279525127e+05  -5.392922258e+03  3.333454350e+05  2.672964758e+02  3.584009789e+05
9.560000000e+00  3.279520580e+05  -5.368072508e+03  3.333201305e+05  2.672761852e+02  3.588110578e+05
9.580000000e+00  3.279513544e+05  -5.349152628e+03  3.333005070e+05  2.672604499e+02  3.592030560e+05
9.600000000e+00  3.279504138e+05  -5.338617415e+03  3.332890312e+05  2.672512479e+02  3.595464115e+05
9.620000000e+00  3.279492886e+05  -5.338577156e+03  3.332878658e+05  2.672503134e+02  3.598158591e+05
9.640000000e+00  3.279480655e+05  -5.350416178e+03  3.332984817e+05  2.672588258e+02  3.599946186e+05
9.660000000e+00  3.279468459e+05  -5.374550125e+03  3.333213960e+05  2.672771999e+02  3.600764182e+05
9.680000000e+00  3.279457213e+05  -5.410421860e+03  3.333561431e+05  2.673050622e+02  3.600656763e+05
9.700000000e+00  3.279447293e+05  -5.456765378e+03  3.334014947e+05  2.673414279e+02  3.599757573e+05
9.720000000e+00  3.279439419e+05  -5.512083724e+03  3.334560257e+05  2.673851541e+02  3.598260580e+05
9.740000000e+00  3.279433247e+05  -5.574310573e+03  3.335176353e+05  2.674345564e+02  3.596405415e+05
9.760000000e+00  3.279428576e+05  -5.641855806e+03  3.335847134e+05  2.674883437e+02  3.594441163e+05
9.780000000e+00  3.279425342e+05  -5.713276065e+03  3.336558103e+05  2.675453534e+02  3.592629950e+05
9.800000000e+00  3.279423882e+05  -5.786990107e+03  3.337293783e+05  2.676043447e+02  3.591262322e+05
9.820000000e+00  3.279425207e+05  -5.860726413e+03  3.338032471e+05  2.676635772e+02  3.590690689e+05
9.840000000e+00  3.279431298e+05  -5.930688486e+03  3.338738183e+05  2.677201654e+02  3.591380243e+05
9.860000000e+00  3.279445193e+05  -5.990725751e+03  3.339352450e+05  2.677694211e+02  3.593970020e+05
9.880000000e+00  3.279472549e+05  -6.029840259e+03  3.339770952e+05  2.678029790e+02  3.599381282e+05
9.900000000e+00  3.279520316e+05  -6.030889732e+03  3.339829213e+05  2.678076508e+02  3.608898036e+05
9.920000000e+00  3.279597510e+05  -5.968518980e+03  3.339282699e+05  2.677638280e+02  3.624242175e+05
9.940000000e+00  3.279712293e+05  -5.808442489e+03  3.337796718e+05  2.676446731e+02  3.647516080e+05
9.960000000e+00  3.279863969e+05  -5.512155864e+03  3.334985527e+05  2.674192549e+02  3.680756013e+05
9.980000000e+00  3.280026700e+05  -5.054181945e+03  3.330568520e+05  2.670650725e+02  3.724668326e+05
1.000000000e+01  3.280131253e+05  -4.458050968e+03  3.324711763e+05  2.665954425e+02  3.776263679e+05
1.002000000e+01  3.280076554e+05  -3.837794830e+03  3.318454503e+05  2.660936976e+02  3.826416785e+05
1.004000000e+01  3.279811589e+05  -3.390218660e+03  3.313713776e+05  2.657135575e+02  3.860906707e+05
1.006000000e+01  3.279433567e+05  -3.284962327e+03  3.312283190e+05  2.655988446e+02  3.867998152e+05
1.008000000e+01  3.279137821e+05  -3.527253925e+03  3.314410360e+05  2.657694139e+02  3.847357857e+05
1.010000000e+01  3.279036688e+05  -3.959513951e+03  3.318631828e+05  2.661079166e+02  3.809775371e+05
1.012000000e+01  3.279092807e+05  -4.398212384e+03  3.323074931e+05  2.664641914e+02  3.768182798e+05
1.014000000e+01  3.279210923e+05  -4.739054084e+03  3.326601463e+05  2.667469701e+02  3.730619064e+05
1.016000000e+01  3.279324499e+05  -4.960939150e+03  3.328933890e+05  2.669339981e+02  3.699641500e+05
1.018000000e+01  3.279410348e+05  -5.084215200e+03  3.330252500e+05  2.670397322e+02  3.674820143e+05
1.020000000e+01  3.279469687e+05  -5.137048308e+03  3.330840170e+05  2.670868551e+02  3.654899315e+05
1.022000000e+01  3.279510663e+05  -5.141499947e+03  3.330925662e+05  2.670937104e+02  3.638781787e+05
1.024000000e+01  3.279540316e+05  -5.111771971e+03  3.330658036e+05  2.670722505e+02  3.625731395e+05
1.026000000e+01  3.279562827e+05  -5.056628663e+03  3.330129114e+05  2.670298383e+02  3.615276718e+05
1.028000000e+01  3.279580190e+05  -4.981960106e+03  3.329399791e+05  2.669713568e+02  3.607077644e+05
1.030000000e+01  3.279593280e+05  -4.892366627e+03  3.328516946e+05  2.669005650e+02  3.600839553e+05
1.032000000e+01  3.279602572e+05  -4.791839742e+03  3.327520970e+05  2.668207016e+02  3.596278227e+05
1.034000000e+01  3.279608483e+05  -4.683944995e+03  3.326447933e+05  2.667346590e+02  3.593114738e+05
1.036000000e+01  3.279611467e+05  -4.571813143e+03  3.325329598e+05  2.666449842e+02  3.591082108e+05
1.038000000e+01  3.279612006e+05  -4.458102480e+03  3.324193031e+05  2.665538474e+02  3.589933481e+05
1.040000000e+01  3.279610575e+05  -4.344990143e+03  3.323060477e+05  2.664630324e+02  3.589447820e+05
1.042000000e+01  3.279607613e+05  -4.234197696e+03  3.321949590e+05  2.663739547e+02  3.589432603e+05
1.044000000e+01  3.279603123e+05  -4.127262219e+03  3.320875745e+05  2.662878474e+02  3.589718894e+05
1.046000000e+01  3.279598146e+05  -4.025198052e+03  3.319850126e+05  2.662056071e+02  3.590170693e+05
1.048000000e+01  3.279592622e+05  -3.928437272e+03  3.318876995e+05  2.661275756e+02  3.590683458e+05
1.050000000e+01  3.279586783e+05  -3.837393886e+03  3.317960722e+05  2.660541033e+02  3.591172353e+05
1.052000000e+01  3.279580775e+05  -3.752310869e+03  3.317103883e+05  2.659853968e+02  3.591574035e+05
1.054000000e+01  3.279574837e+05  -3.673204888e+03  3.316306886e+05  2.659214888e+02  3.591846623e+05
1.056000000e+01  3.279569041e+05  -3.599966186e+03  3.315568703e+05  2.658622967e+02  3.591965476e+05
1.058000000e+01  3.279563465e+05  -3.532406240e+03  3.314887528e+05  2.658076760e+02  3.591920366e+05
1.060000000e+01  3.279558159e+05  -3.470274672e+03  3.314260905e+05  2.657574297e+02  3.591712905e+05
1.062000000e+01  3.279553136e+05  -3.413291739e+03  3.313686053e+05  2.657113346e+02  3.591353591e+05
1.064000000e+01  3.279548385e+05  -3.361177908e+03  3.313160164e+05  2.656691656e+02  3.590858966e+05
1.066000000e+01  3.279543871e+05  -3.313679236e+03  3.312680663e+05  2.656307163e+02  3.590249035e+05
1.068000000e+01  3.279539540e+05  -3.270587578e+03  3.312245416e+05  2.655958155e+02  3.589545077e+05
1.070000000e+01  3.279535142e+05  -3.231819136e+03  3.311853333e+05  2.655643760e+02  3.588766301e+05
1.072000000e+01  3.279530988e+05  -3.197385968e+03  3.311504848e+05  2.655364324e+02  3.587930291e+05
1.074000000e+01  3.279526807e+05  -3.167115722e+03  3.311197964e+05  2.655118246e+02  3.587057258e+05
1.076000000e+01  3.279522470e+05  -3.141134491e+03  3.310933815e+05  2.654906435e+02  3.586159923e+05
1.078000000e+01  3.279518028e+05  -3.119590639e+03  3.310713935e+05  2.654730121e+02  3.585249684e+05
1.080000000e+01  3.279513363e+05  -3.102608321e+03  3.310539446e+05  2.654590206e+02  3.584337580e+05
1.082000000e+01  3.279508424e+05  -3.090442023e+03  3.310412845e+05  2.654488690e+02  3.583431729e+05
1.084000000e+01  3.279503178e+05  -3.083382805e+03  3.310337006e+05  2.654427878e+02  3.582540183e+05
1.086000000e+01  3.279497602e+05  -3.081752767e+03  3.310315130e+05  2.654410336e+02  3.581672161e+05
1.088000000e+01  3.279491694e+05  -3.085884576e+03  3.310350540e+05  2.654438730e+02  3.580839957e+05
1.090000000e+01  3.279485484e+05  -3.096096488e+03  3.310446449e+05  2.654515635e+02  3.580061365e+05
1.092000000e+01  3.279479040e+05  -3.112656741e+03  3.310605607e+05  2.654643258e+02  3.579362935e+05
1.094000000e+01  3.279472495e+05  -3.135730982e+03  3.310829805e+05  2.654823034e+02  3.578784416e+05
1.096000000e+01  3.279466075e+05  -3.165303458e+03  3.311119110e+05  2.655055016e+02  3.578384934e+05
1.098000000e+01  3.279460148e+05  -3.201058296e+03  3.311470731e+05  2.655336966e+02  3.578251659e+05
1.100000000e+01  3.279455291e+05  -3.242201280e+03  3.311877304e+05  2.655662981e+02  3.578511960e+05
1.102000000e+01  3.279452392e+05  -3.287197163e+03  3.312324364e+05  2.656021461e+02  3.579350286e+05
1.104000000e+01  3.279452796e+05  -3.333385672e+03  3.312786653e+05  2.656392152e+02  3.581031204e+05
1.106000000e+01  3.279458451e+05  -3.376430093e+03  3.313222752e+05  2.656741842e+02  3.583929563e+05
1.108000000e+01  3.279472076e+05  -3.409629063e+03  3.313568367e+05  2.657018978e+02  3.588565374e+05
1.110000000e+01  3.279497180e+05  -3.423111247e+03  3.313728292e+05  2.657147216e+02  3.595636496e+05
1.112000000e+01  3.279537640e+05  -3.403224092e+03  3.313569881e+05  2.657020191e+02  3.606025771e+05
1.114000000e+01  3.279596252e+05  -3.332852700e+03  3.312924779e+05  2.656502910e+02  3.620730887e+05
1.116000000e+01  3.279671368e+05  -3.194180017e+03  3.311613168e+05  2.655451181e+02  3.640620521e+05
1.118000000e+01  3.279751175e+05  -2.976149444e+03  3.309512669e+05  2.653766875e+02  3.665886294e+05
1.120000000e+01  3.279807883e+05  -2.688096128e+03  3.306688844e+05  2.651502561e+02  3.695136749e+05
1.122000000e+01  3.279800130e+05  -2.375579460e+03  3.303555925e+05  2.648990398e+02  3.724450774e+05
1.124000000e+01  3.279694991e+05  -2.123576993e+03  3.300930761e+05  2.646885383e+02  3.747381137e+05
1.126000000e+01  3.279504196e+05  -2.027889230e+03  3.299783088e+05  2.645965110e+02  3.757072934e+05
1.128000000e+01  3.279295693e+05  -2.139991961e+03  3.300695613e+05  2.646696827e+02  3.750003282e+05
1.130000000e+01  3.279150367e+05  -2.430902472e+03  3.303459392e+05  2.648912992e+02  3.728323859e+05
1.132000000e+01  3.279104310e+05  -2.812324723e+03  3.307227557e+05  2.651934534e+02  3.698398313e+05
1.134000000e+01  3.279138555e+05  -3.192062921e+03  3.311059184e+05  2.655006964e+02  3.667076063e+05
1.136000000e+01  3.279211320e+05  -3.512746478e+03  3.314338785e+05  2.657636745e+02  3.639003324e+05
1.138000000e+01  3.279288278e+05  -3.756254715e+03  3.316850826e+05  2.659651051e+02  3.616161584e+05
1.140000000e+01  3.279351790e+05  -3.929517709e+03  3.318646967e+05  2.661091306e+02  3.598688732e+05
1.142000000e+01  3.279397010e+05  -4.049445414e+03  3.319891465e+05  2.662089219e+02  3.585846340e+05
1.144000000e+01  3.279425579e+05  -4.133722089e+03  3.320762800e+05  2.662787908e+02  3.576660597e+05
1.146000000e+01  3.279441281e+05  -4.196945457e+03  3.321410735e+05  2.663307462e+02  3.570230766e+05
1.148000000e+01  3.279447933e+05  -4.249808513e+03  3.321946018e+05  2.663736683e+02  3.565832296e+05
1.150000000e+01  3.279448641e+05  -4.299558332e+03  3.322444225e+05  2.664136176e+02  3.562922653e+05
1.152000000e+01  3.279445695e+05  -4.350797118e+03  3.322953666e+05  2.664544677e+02  3.561111923e+05
1.154000000e+01  3.279440679e+05  -4.406258845e+03  3.323503267e+05  2.664985380e+02  3.560126528e+05
1.156000000e+01  3.279434707e+05  -4.467342737e+03  3.324108135e+05  2.665470399e+02  3.559779453e+05
1.158000000e+01  3.279428499e+05  -4.534579911e+03  3.324774298e+05  2.666004569e+02  3.559945710e+05
1.160000000e+01  3.279422571e+05  -4.607905091e+03  3.325501622e+05  2.666587781e+02  3.560546770e+05
1.162000000e+01  3.279417332e+05  -4.686804798e+03  3.326285380e+05  2.667216245e+02  3.561541776e+05
1.164000000e+01  3.279413161e+05  -4.770379161e+03  3.327116953e+05  2.667883051e+02  3.562924196e+05
1.166000000e+01  3.279410480e+05  -4.857329928e+03  3.327983779e+05  2.668578125e+02  3.564722803e+05
1.168000000e+01  3.279409797e+05  -4.945892357e+03  3.328868721e+05  2.669287724e+02  3.567005617e+05
1.170000000e+01  3.279411738e+05  -5.033729708e+03  3.329749035e+05  2.669993613e+02  3.569885171e+05
1.172000000e+01  3.279417042e+05  -5.117814181e+03  3.330595184e+05  2.670672106e+02  3.573522990e+05
1.174000000e+01  3.279426526e+05  -5.194329529e+03  3.331369821e+05  2.671293257e+02  3.578130336e+05
1.176000000e+01  3.279440965e+05  -5.258652897e+03  3.332027494e+05  2.671820619e+02  3.583960893e+05
1.178000000e+01  3.279460863e+05  -5.305511309e+03  3.332515976e+05  2.672212314e+02  3.591288843e+05
1.180000000e+01  3.279486055e+05  -5.329459800e+03  3.332780653e+05  2.672424547e+02  3.600363187e+05
1.182000000e+01  3.279515108e+05  -5.325868948e+03  3.332773798e+05  2.672419050e+02  3.611327923e+05
1.184000000e+01  3.279544653e+05  -5.292568895e+03  3.332470342e+05  2.672175721e+02  3.624102674e+05
1.186000000e+01  3.279569002e+05  -5.232048396e+03  3.331889486e+05  2.671709956e+02  3.638237093e+05
1.188000000e+01  3.279580783e+05  -5.153537849e+03  3.331116162e+05  2.671089858e+02  3.652790648e+05
1.190000000e+01  3.279573280e+05  -5.073545461e+03  3.330308734e+05  2.670442414e+02  3.666335764e+05
1.192000000e+01  3.279544247e+05  -5.013141289e+03  3.329675660e+05  2.669934777e+02  3.677191210e+05
1.194000000e+01  3.279499113e+05  -4.991521609e+03  3.329414329e+05  2.669725226e+02  3.683900801e+05
1.196000000e+01  3.279450472e+05  -5.018212398e+03  3.329632596e+05  2.669900245e+02  3.685783641e+05
1.198000000e+01  3.279412889e+05  -5.088480627e+03  3.330297695e+05  2.670433562e+02  3.683244968e+05
1.200000000e+01  3.279396165e+05  -5.185197861e+03  3.331248144e+05  2.671195689e+02  3.677635502e+05
1.202000000e+01  3.279401834e+05  -5.285963645e+03  3.332261470e+05  2.672008235e+02  3.670744944e+05
1.204000000e+01  3.279424648e+05  -5.370912901e+03  3.333133777e+05  2.672707703e+02  3.664239365e+05
1.206000000e+01  3.279456985e+05  -5.427144534e+03  3.333728431e+05  2.673184533e+02  3.659320304e+05
1.208000000e+01  3.279493105e+05  -5.448617881e+03  3.333979283e+05  2.673385681e+02  3.656691387e+05
1.210000000e+01  3.279531571e+05  -5.432743780e+03  3.333859009e+05  2.673289238e+02  3.656754804e+05
1.212000000e+01  3.279575525e+05  -5.375751318e+03  3.333333039e+05  2.672867483e+02  3.659893864e+05
1.214000000e+01  3.279630752e+05  -5.268999201e+03  3.332320744e+05  2.672055765e+02  3.666686345e+05
1.216000000e+01  3.279701277e+05  -5.098564318e+03  3.330686920e+05  2.670745666e+02  3.677886415e+05
1.218000000e+01  3.279782348e+05  -4.850720181e+03  3.328289550e+05  2.668823310e+02  3.694011100e+05
1.220000000e+01  3.279852713e+05  -4.525152201e+03  3.325104235e+05  2.666269132e+02  3.714446296e+05
1.222000000e+01  3.279873439e+05  -4.153142767e+03  3.321404866e+05  2.663302756e+02  3.736315441e+05
1.224000000e+01  3.279805452e+05  -3.807446809e+03  3.317879920e+05  2.660476241e+02  3.754021846e+05
1.226000000e+01  3.279646355e+05  -3.582695399e+03  3.315473309e+05  2.658546475e+02  3.760790249e+05
1.228000000e+01  3.279450962e+05  -3.543158168e+03  3.314882543e+05  2.658072764e+02  3.752264810e+05
1.230000000e+01  3.279305325e+05  -3.679018596e+03  3.316095511e+05  2.659045394e+02  3.729462533e+05
1.232000000e+01  3.279254509e+05  -3.909069019e+03  3.318345200e+05  2.660849330e+02  3.698233592e+05
1.234000000e+01  3.279287198e+05  -4.140692868e+03  3.320694127e+05  2.662732842e+02  3.665533125e+05
1.236000000e+01  3.279362033e+05  -4.312590966e+03  3.322487943e+05  2.664171232e+02  3.636367245e+05
1.238000000e+01  3.279441739e+05  -4.404599271e+03  3.323487731e+05  2.664972922e+02  3.612964254e+05
1.240000000e+01  3.279505991e+05  -4.424570756e+03  3.323751698e+05  2.665184587e+02  3.595503080e+05
1.242000000e+01  3.279548767e+05  -4.392197711e+03  3.323470744e+05  2.664959301e+02  3.583144313e+05
1.244000000e+01  3.279571611e+05  -4.328466548e+03  3.322856276e+05  2.664466583e+02  3.574757771e+05
1.246000000e+01  3.279578670e+05  -4.251069255e+03  3.322089362e+05  2.663851625e+02  3.569286427e+05
1.248000000e+01  3.279574261e+05  -4.173352846e+03  3.321307790e+05  2.663224914e+02  3.565875119e+05
1.250000000e+01  3.279561881e+05  -4.104745613e+03  3.320609337e+05  2.662664852e+02  3.563886111e+05
1.252000000e+01  3.279544129e+05  -4.051697572e+03  3.320061105e+05  2.662225246e+02  3.562871095e+05
1.254000000e+01  3.279522852e+05  -4.018497071e+03  3.319707823e+05  2.661941964e+02  3.562537710e+05
1.256000000e+01  3.279499387e+05  -4.007890911e+03  3.319578296e+05  2.661838101e+02  3.562723036e+05
1.258000000e+01  3.279474817e+05  -4.021452591e+03  3.319689343e+05  2.661927145e+02  3.563379908e+05
1.260000000e+01  3.279450247e+05  -4.059684599e+03  3.320047093e+05  2.662214011e+02  3.564578968e+05
1.262000000e+01  3.279427150e+05  -4.121811950e+03  3.320645269e+05  2.662693665e+02  3.566530390e+05
1.264000000e+01  3.279407856e+05  -4.205166797e+03  3.321459524e+05  2.663346584e+02  3.569632383e+05
1.266000000e+01  3.279396370e+05  -4.303886310e+03  3.322435233e+05  2.664128965e+02  3.574561315e+05
1.268000000e+01  3.279399693e+05  -4.406577533e+03  3.323465469e+05  2.664955071e+02  3.582425717e+05
1.270000000e+01  3.279430172e+05  -4.492109723e+03  3.324351269e+05  2.665665359e+02  3.595026538e+05
1.272000000e+01  3.279509303e+05  -4.522283365e+03  3.324732136e+05  2.665970761e+02  3.615284049e+05
1.274000000e+01  3.279673024e+05  -4.429785646e+03  3.323970880e+05  2.665360340e+02  3.647889148e+05
1.276000000e+01  3.279974345e+05  -4.101602858e+03  3.320990373e+05  2.662970390e+02  3.700079404e+05
1.278000000e+01  3.280462584e+05  -3.369793654e+03  3.314160520e+05  2.657493802e+02  3.781643786e+05
1.280000000e+01  3.281077406e+05  -2.063369993e+03  3.301711106e+05  2.647511111e+02  3.900693040e+05
1.282000000e+01  3.281406403e+05  -2.455478470e+02  3.283861882e+05  2.633198526e+02  4.047960975e+05
1.284000000e+01  3.280698987e+05  1.380340400e+03  3.266895583e+05  2.619593924e+02  4.172681881e+05
1.286000000e+01  3.278999258e+05  1.671523536e+03  3.262284022e+05  2.615896097e+02  4.199411235e+05
1.288000000e+01  3.277732346e+05  3.658864777e+02  3.274073482e+05  2.625349596e+02  4.113051758e+05
1.290000000e+01  3.277640998e+05  -1.552935846e+03  3.293170357e+05  2.640662623e+02  3.978449654e+05
1.292000000e+01  3.278153071e+05  -3.166042362e+03  3.309813494e+05  2.654008094e+02  3.857359247e+05
1.294000000e+01  3.278697519e+05  -4.221659746e+03  3.320914116e+05  2.662909243e+02  3.770157849e+05
1.296000000e+01  3.279102624e+05  -4.807814814e+03  3.327180772e+05  2.667934225e+02  3.714356502e+05
1.298000000e+01  3.279377412e+05  -5.064781030e+03  3.330025222e+05  2.670215077e+02  3.682382304e+05
1.300000000e+01  3.279558139e+05  -5.102097625e+03  3.330579116e+05  2.670659222e+02  3.667331678e+05
1.302000000e+01  3.279667497e+05  -4.999716519e+03  3.329664663e+05  2.669925958e+02  3.663448690e+05
1.304000000e+01  3.279714467e+05  -4.823223194e+03  3.327946699e+05  2.668548391e+02  3.665547936e+05
1.306000000e+01  3.279705307e+05  -4.631813570e+03  3.326023443e+05  2.667006209e+02  3.668795543e+05
1.308000000e+01  3.279655041e+05  -4.474264969e+03  3.324397691e+05  2.665702583e+02  3.669195306e+05
1.310000000e+01  3.279590251e+05  -4.377575155e+03  3.323366003e+05  2.664875313e+02  3.664470122e+05
1.312000000e+01  3.279539370e+05  -4.339951454e+03  3.322938885e+05  2.664532824e+02  3.654568121e+05
1.314000000e+01  3.279518971e+05  -4.336861575e+03  3.322887586e+05  2.664491690e+02  3.641237960e+05
1.316000000e+01  3.279528643e+05  -4.336769966e+03  3.322896342e+05  2.664498711e+02  3.626917079e+05
1.318000000e+01  3.279556856e+05  -4.315515471e+03  3.322712011e+05  2.664350903e+02  3.613678840e+05
1.320000000e+01  3.279590195e+05  -4.262198209e+03  3.322212177e+05  2.663950106e+02  3.602734984e+05
1.322000000e+01  3.279619125e+05  -4.177436944e+03  3.321393494e+05  2.663293637e+02  3.594466737e+05
1.324000000e+01  3.279639198e+05  -4.068507278e+03  3.320324270e+05  2.662436268e+02  3.588702917e+05
1.326000000e+01  3.279649673e+05  -3.944947588e+03  3.319099149e+05  2.661453893e+02  3.585007804e+05
1.328000000e+01  3.279652132e+05  -3.815528781e+03  3.317807419e+05  2.660418105e+02  3.582888669e+05
1.330000000e+01  3.279648588e+05  -3.687182581e+03  3.316520414e+05  2.659386107e+02  3.581899330e+05
1.332000000e+01  3.279641117e+05  -3.564731665e+03  3.315288434e+05  2.658398231e+02  3.581682762e+05
1.334000000e+01  3.279631437e+05  -3.451109288e+03  3.314142530e+05  2.657479376e+02  3.581976158e+05
1.336000000e+01  3.279620830e+05  -3.347773243e+03  3.313098563e+05  2.656642260e+02  3.582598830e+05
1.338000000e+01  3.279610187e+05  -3.255123716e+03  3.312161424e+05  2.655890806e+02  3.583434973e+05
1.340000000e+01  3.279600080e+05  -3.172854804e+03  3.311328628e+05  2.655223020e+02  3.584416937e+05
1.342000000e+01  3.279590853e+05  -3.100222002e+03  3.310593073e+05  2.654633208e+02  3.585511200e+05
1.344000000e+01  3.279582691e+05  -3.036232147e+03  3.309945012e+05  2.654113553e+02  3.586707454e+05
1.346000000e+01  3.279575670e+05  -2.979771052e+03  3.309373380e+05  2.653655184e+02  3.588010469e+05
1.348000000e+01  3.279569803e+05  -2.929685480e+03  3.308866658e+05  2.653248864e+02  3.589434103e+05
1.350000000e+01  3.279565063e+05  -2.884834413e+03  3.308413407e+05  2.652885420e+02  3.590996803e+05
1.352000000e+01  3.279561382e+05  -2.844129759e+03  3.308002680e+05  2.652556074e+02  3.592717841e+05
1.354000000e+01  3.279558698e+05  -2.806553066e+03  3.307624229e+05  2.652252609e+02  3.594614375e+05
1.356000000e+01  3.279556856e+05  -2.771281560e+03  3.307269671e+05  2.651968304e+02  3.596696027e+05
1.358000000e+01  3.279555831e+05  -2.737404783e+03  3.306929879e+05  2.651695837e+02  3.598968782e+05
1.360000000e+01  3.279555393e+05  -2.704210729e+03  3.306597500e+05  2.651429316e+02  3.601425684e+05
1.362000000e+01  3.279555333e+05  -2.671225247e+03  3.306267586e+05  2.651164771e+02  3.604043680e+05
1.364000000e+01  3.279555403e+05  -2.638205331e+03  3.305937457e+05  2.650900054e+02  3.606781509e+05
1.366000000e+01  3.279555322e+05  -2.605176432e+03  3.305607086e+05  2.650635142e+02  3.609577510e+05
1.368000000e+01  3.279554793e+05  -2.572455257e+03  3.305279345e+05  2.650372340e+02  3.612349109e+05
1.370000000e+01  3.279553541e+05  -2.540645952e+03  3.304960000e+05  2.650116270e+02  3.614994851e+05
1.372000000e+01  3.279551350e+05  -2.510598727e+03  3.304657337e+05  2.649873576e+02  3.617399638e+05
1.374000000e+01  3.279548106e+05  -2.483325626e+03  3.304381363e+05  2.649652283e+02  3.619443358e+05
1.376000000e+01  3.279543834e+05  -2.459878086e+03  3.304142615e+05  2.649460841e+02  3.621012316e+05
1.378000000e+01  3.279538700e+05  -2.441203327e+03  3.303950733e+05  2.649306979e+02  3.622011956e+05
1.380000000e+01  3.279533000e+05  -2.428007013e+03  3.303813070e+05  2.649196592e+02  3.622378628e+05
1.382000000e+01  3.279527102e+05  -2.420653300e+03  3.303733635e+05  2.649132896e+02  3.622088008e+05
1.384000000e+01  3.279521383e+05  -2.419127038e+03  3.303712653e+05  2.649116072e+02  3.621158250e+05
1.386000000e+01  3.279516155e+05  -2.423067630e+03  3.303746831e+05  2.649143478e+02  3.619647190e+05
1.388000000e+01  3.279511611e+05  -2.431865092e+03  3.303830262e+05  2.649210378e+02  3.617644333e+05
1.390000000e+01  3.279507805e+05  -2.444793350e+03  3.303955739e+05  2.649310992e+02  3.615259531e+05
1.392000000e+01  3.279504657e+05  -2.461149083e+03  3.304116148e+05  2.649439618e+02  3.612610827e+05
1.394000000e+01  3.279501988e+05  -2.480367685e+03  3.304305665e+05  2.649591584e+02  3.609813734e+05
1.396000000e+01  3.279499564e+05  -2.502098018e+03  3.304520544e+05  2.649763888e+02  3.606973506e+05
1.398000000e+01  3.279497146e+05  -2.526229718e+03  3.304759443e+05  2.649955451e+02  3.604181083e+05
1.400000000e+01  3.279494527e+05  -2.552876510e+03  3.305023292e+05  2.650167021e+02  3.601512611e+05
1.402000000e+01  3.279491565e+05  -2.582324300e+03  3.305314808e+05  2.650400776e+02  3.599031971e+05
1.404000000e+01  3.279488207e+05  -2.614953487e+03  3.305637742e+05  2.650659724e+02  3.596795619e+05
1.406000000e+01  3.279484502e+05  -2.651142581e+03  3.305995927e+05  2.650946939e+02  3.594859087e+05
1.408000000e+01  3.279480602e+05  -2.691161796e+03  3.306392220e+05  2.651264710e+02  3.593284593e+05
1.410000000e+01  3.279476838e+05  -2.735044127e+03  3.306827280e+05  2.651613567e+02  3.592149839e+05
1.412000000e+01  3.279473656e+05  -2.782409872e+03  3.307297755e+05  2.651990822e+02  3.591558090e+05
1.414000000e+01  3.279471687e+05  -2.832339805e+03  3.307795085e+05  2.652389612e+02  3.591647324e+05
1.416000000e+01  3.279471747e+05  -2.883180122e+03  3.308303549e+05  2.652797329e+02  3.592600022e+05
1.418000000e+01  3.279474800e+05  -2.932373768e+03  3.308798538e+05  2.653194241e+02  3.594649826e+05
1.420000000e+01  3.279481843e+05  -2.976365856e+03  3.309245502e+05  2.653552643e+02  3.598080667e+05
1.422000000e+01  3.279493625e+05  -3.010710275e+03  3.309600727e+05  2.653837485e+02  3.603209677e+05
1.424000000e+01  3.279510085e+05  -3.030605210e+03  3.309816137e+05  2.654010213e+02  3.610340074e+05
1.426000000e+01  3.279529531e+05  -3.032155092e+03  3.309851082e+05  2.654038235e+02  3.619667208e+05
1.428000000e+01  3.279547586e+05  -3.014529687e+03  3.309692883e+05  2.653911381e+02  3.631128673e+05
1.430000000e+01  3.279556499e+05  -2.983169858e+03  3.309388198e+05  2.653667066e+02  3.644210980e+05
1.432000000e+01  3.279546384e+05  -2.952671740e+03  3.309073101e+05  2.653414403e+02  3.657805097e+05
1.434000000e+01  3.279509748e+05  -2.946727856e+03  3.308977027e+05  2.653337364e+02  3.670292900e+05
1.436000000e+01  3.279449872e+05  -2.991328899e+03  3.309363161e+05  2.653646990e+02  3.680103623e+05
1.438000000e+01  3.279390846e+05  -3.098389932e+03  3.310374745e+05  2.654458139e+02  3.686887655e+05
1.440000000e+01  3.279386730e+05  -3.239748137e+03  3.311784211e+05  2.655588334e+02  3.693241621e+05
1.442000000e+01  3.279532152e+05  -3.311603735e+03  3.312648190e+05  2.656281124e+02  3.706854538e+05
1.444000000e+01  3.279973394e+05  -3.086878549e+03  3.310842179e+05  2.654832956e+02  3.742982716e+05
1.446000000e+01  3.280851651e+05  -2.182215474e+03  3.302673805e+05  2.648283061e+02  3.825111869e+05
1.448000000e+01  3.281903209e+05  -2.405330049e+02  3.284308539e+05  2.633556683e+02  3.971025578e+05
1.450000000e+01  3.281693216e+05  2.218472933e+03  3.259508487e+05  2.613670505e+02  4.138810718e+05
1.452000000e+01  3.279115569e+05  3.099410876e+03  3.248121460e+05  2.604539700e+02  4.190480140e+05
1.454000000e+01  3.276925242e+05  1.291536413e+03  3.264009878e+05  2.617279992e+02  4.058820371e+05
1.456000000e+01  3.277132998e+05  -1.340522156e+03  3.290538219e+05  2.638552016e+02  3.865308083e+05
1.458000000e+01  3.278215741e+05  -3.125968442e+03  3.309475426e+05  2.653737010e+02  3.720451344e+05
1.460000000e+01  3.279010798e+05  -3.951565112e+03  3.318526450e+05  2.660994667e+02  3.637690843e+05
1.462000000e+01  3.279409380e+05  -4.214108303e+03  3.321550463e+05  2.663419503e+02  3.595575870e+05
1.464000000e+01  3.279568791e+05  -4.224492028e+03  3.321813712e+05  2.663630592e+02  3.575264071e+05
1.466000000e+01  3.279612377e+05  -4.147597241e+03  3.321088349e+05  2.663048953e+02  3.565814314e+05
1.468000000e+01  3.279605598e+05  -4.058855638e+03  3.320194154e+05  2.662331934e+02  3.561596047e+05
1.470000000e+01  3.279579161e+05  -3.989501184e+03  3.319474172e+05  2.661754609e+02  3.559825204e+05
1.472000000e+01  3.279546625e+05  -3.950688718e+03  3.319053512e+05  2.661417298e+02  3.559148925e+05
1.474000000e+01  3.279513650e+05  -3.944936084e+03  3.318963011e+05  2.661344729e+02  3.558926254e+05
1.476000000e+01  3.279482387e+05  -3.971298611e+03  3.319195374e+05  2.661531051e+02  3.558875334e+05
1.478000000e+01  3.279453499e+05  -4.027620600e+03  3.319729705e+05  2.661959510e+02  3.558902163e+05
1.480000000e+01  3.279427090e+05  -4.111445058e+03  3.320541541e+05  2.662610489e+02  3.559018610e+05
1.482000000e+01  3.279402640e+05  -4.220705287e+03  3.321609693e+05  2.663466998e+02  3.559295699e+05
1.484000000e+01  3.279381200e+05  -4.352706213e+03  3.322908263e+05  2.664508269e+02  3.559874078e+05
1.486000000e+01  3.279362524e+05  -4.504634253e+03  3.324408866e+05  2.665711544e+02  3.560944807e+05
1.488000000e+01  3.279347127e+05  -4.673462324e+03  3.326081751e+05  2.667052963e+02  3.562754753e+05
1.490000000e+01  3.279335859e+05  -4.855466661e+03  3.327890525e+05  2.668503348e+02  3.565621396e+05
1.492000000e+01  3.279329935e+05  -5.045869342e+03  3.329788628e+05  2.670025362e+02  3.569947391e+05
1.494000000e+01  3.279331035e+05  -5.238437268e+03  3.331715408e+05  2.671570369e+02  3.576236283e+05
1.496000000e+01  3.279341212e+05  -5.425024537e+03  3.333591458e+05  2.673074699e+02  3.585106663e+05
1.498000000e+01  3.279362849e+05  -5.595242508e+03  3.335315274e+05  2.674456959e+02  3.597296372e+05
1.500000000e+01  3.279398371e+05  -5.736262942e+03  3.336761000e+05  2.675616230e+02  3.613649073e+05
