8.000000000e-02  3.917952138e+05  -7.752256199e+01  3.918727364e+05  3.142271962e+02  4.335802230e+05
1.600000000e-01  3.917951523e+05  -7.933460695e+01  3.918744869e+05  3.142285999e+02  4.335762133e+05
2.400000000e-01  3.917950821e+05  -8.180490378e+01  3.918768870e+05  3.142305244e+02  4.335707474e+05
3.200000000e-01  3.917949990e+05  -8.504167449e+01  3.918800407e+05  3.142330533e+02  4.335635861e+05
4.000000000e-01  3.917948971e+05  -8.920411115e+01  3.918841012e+05  3.142363092e+02  4.335543777e+05
4.800000000e-01  3.917947681e+05  -9.452207980e+01  3.918892902e+05  3.142404701e+02  4.335426149e+05
5.600000000e-01  3.917946003e+05  -1.013257746e+02  3.918959260e+05  3.142457911e+02  4.335275694e+05
6.400000000e-01  3.917943768e+05  -1.100882585e+02  3.919044651e+05  3.142526382e+02  4.335081997e+05
7.200000000e-01  3.917940748e+05  -1.214824656e+02  3.919155573e+05  3.142615326e+02  4.334830280e+05
8.000000000e-01  3.917936639e+05  -1.364498041e+02  3.919301137e+05  3.142732048e+02  4.334499954e+05
8.800000000e-01  3.917931075e+05  -1.562696465e+02  3.919493772e+05  3.142886514e+02  4.334063236e+05
9.600000000e-01  3.917923641e+05  -1.826150232e+02  3.919749792e+05  3.143091806e+02  4.333484248e+05
1.040000000e+00  3.917913855e+05  -2.176043396e+02  3.920089899e+05  3.143364525e+02  4.332718668e+05
1.120000000e+00  3.917901025e+05  -2.639330223e+02  3.920540356e+05  3.143725728e+02  4.331712962e+05
1.200000000e+00  3.917884137e+05  -3.251700518e+02  3.921135837e+05  3.144203221e+02  4.330403854e+05
1.280000000e+00  3.917862729e+05  -4.057643131e+02  3.921920372e+05  3.144832309e+02  4.328732031e+05
1.360000000e+00  3.917840245e+05  -5.089312324e+02  3.922929557e+05  3.145641534e+02  4.326706073e+05
1.440000000e+00  3.917827918e+05  -6.304450365e+02  3.924132369e+05  3.146606021e+02  4.324515581e+05
1.520000000e+00  3.917840193e+05  -7.521575595e+02  3.925361768e+05  3.147591828e+02  4.322521588e+05
1.600000000e+00  3.917878514e+05  -8.469764314e+02  3.926348279e+05  3.148382871e+02  4.320960130e+05
1.680000000e+00  3.917923527e+05  -8.977136380e+02  3.926900664e+05  3.148825807e+02  4.319777595e+05
1.760000000e+00  3.917947630e+05  -9.124603393e+02  3.927072234e+05  3.148963382e+02  4.318876277e+05
1.840000000e+00  3.917933915e+05  -9.226593062e+02  3.927160508e+05  3.149034166e+02  4.318051729e+05
1.920000000e+00  3.917885352e+05  -9.659701135e+02  3.927545053e+05  3.149342517e+02  4.316790432e+05
2.000000000e+00  3.917812077e+05  -1.071570293e+03  3.928527780e+05  3.150130526e+02  4.314511148e+05
2.080000000e+00  3.917712570e+05  -1.263580220e+03  3.930348373e+05  3.151590388e+02  4.310792299e+05
2.160000000e+00  3.917567141e+05  -1.577447362e+03  3.933341615e+05  3.153990550e+02  4.305460137e+05
2.240000000e+00  3.917355058e+05  -2.072630064e+03  3.938081359e+05  3.157791163e+02  4.299673406e+05
2.320000000e+00  3.917232120e+05  -2.768607565e+03  3.944918196e+05  3.163273351e+02  4.303872104e+05
2.400000000e+00  3.918997187e+05  -2.908157795e+03  3.948078765e+05  3.165807686e+02  4.390023632e+05
2.480000000e+00  3.925430820e+05  1.788716241e+03  3.907543657e+05  3.133304191e+02  4.822962365e+05
2.560000000e+00  3.910874179e+05  3.240169714e+02  3.907634009e+05  3.133376641e+02  4.714217087e+05
2.640000000e+00  3.917188036e+05  -3.425659864e+03  3.951444635e+05  3.168506643e+02  4.350402786e+05
2.720000000e+00  3.918441397e+05  -3.252505093e+03  3.950966447e+05  3.168123204e+02  4.287844292e+05
2.800000000e+00  3.918236877e+05  -2.865393774e+03  3.946890815e+05  3.164855116e+02  4.281858243e+05
2.880000000e+00  3.917987021e+05  -2.734275907e+03  3.945329780e+05  3.163603384e+02  4.281572454e+05
2.960000000e+00  3.917821495e+05  -2.809375031e+03  3.945915245e+05  3.164072845e+02  4.280261017e+05
3.040000000e+00  3.917746292e+05  -3.001945775e+03  3.947765750e+05  3.165556691e+02  4.278256705e+05
3.120000000e+00  3.917753282e+05  -3.224440093e+03  3.949997683e+05  3.167346390e+02  4.276652645e+05
3.200000000e+00  3.917809031e+05  -3.410548314e+03  3.951914514e+05  3.168883421e+02  4.275425450e+05
3.280000000e+00  3.917870641e+05  -3.534660237e+03  3.953217243e+05  3.169928028e+02  4.274104059e+05
3.360000000e+00  3.917899628e+05  -3.611662595e+03  3.954016254e+05  3.170568722e+02  4.273622250e+05
3.440000000e+00  3.917870785e+05  -3.690056198e+03  3.954771347e+05  3.171174202e+02  4.275849573e+05
3.520000000e+00  3.917745848e+05  -3.945908401e+03  3.957204932e+05  3.173125597e+02  4.280951127e+05
3.600000000e+00  3.917736827e+05  -4.272063416e+03  3.960457461e+05  3.175733671e+02  4.295439661e+05
3.680000000e+00  3.917823116e+05  -4.554877236e+03  3.963371888e+05  3.178070634e+02  4.326817502e+05
3.760000000e+00  3.918497635e+05  -4.578660452e+03  3.964284240e+05  3.178802213e+02  4.388535441e+05
3.840000000e+00  3.921378101e+05  -2.519216374e+03  3.946570264e+05  3.164598079e+02  4.582393746e+05
3.920000000e+00  3.914477728e+05  -3.506911452e+03  3.949546843e+05  3.166984879e+02  4.493414062e+05
4.000000000e+00  3.917739690e+05  -5.328100977e+03  3.971020700e+05  3.184203913e+02  4.296883807e+05
4.080000000e+00  3.918288061e+05  -5.207763196e+03  3.970365693e+05  3.183678689e+02  4.257462991e+05
4.160000000e+00  3.918004939e+05  -5.115907132e+03  3.969164011e+05  3.182715108e+02  4.249346889e+05
4.240000000e+00  3.917614432e+05  -5.380832179e+03  3.971422754e+05  3.184526304e+02  4.245513361e+05
4.320000000e+00  3.917222697e+05  -6.048152217e+03  3.977704219e+05  3.189563162e+02  4.246239083e+05
4.400000000e+00  3.917353274e+05  -6.926494495e+03  3.986618219e+05  3.196710944e+02  4.278184057e+05
4.480000000e+00  3.922147652e+05  -5.872076007e+03  3.980868412e+05  3.192100402e+02  4.502168803e+05
4.560000000e+00  3.919466101e+05  3.091141918e+02  3.916374959e+05  3.140385662e+02  5.035612386e+05
4.640000000e+00  3.914358332e+05  -4.929586171e+03  3.963654194e+05  3.178297004e+02  4.616234606e+05
4.720000000e+00  3.917735999e+05  -6.517189197e+03  3.982907891e+05  3.193735780e+02  4.373595526e+05
4.800000000e+00  3.918768170e+05  -6.177329668e+03  3.980541467e+05  3.191838238e+02  4.294641731e+05
4.880000000e+00  3.918815132e+05  -5.405682507e+03  3.972871957e+05  3.185688363e+02  4.284462104e+05
4.960000000e+00  3.918599746e+05  -4.761296575e+03  3.966212711e+05  3.180348578e+02  4.291222388e+05
5.040000000e+00  3.918351342e+05  -4.358761113e+03  3.961938954e+05  3.176921621e+02  4.295187591e+05
5.120000000e+00  3.918148179e+05  -4.184134925e+03  3.959989528e+05  3.175358454e+02  4.291754940e+05
5.200000000e+00  3.918000756e+05  -4.180987394e+03  3.959810630e+05  3.175215003e+02  4.285040827e+05
5.280000000e+00  3.917908325e+05  -4.300847267e+03  3.960916798e+05  3.176101995e+02  4.282807078e+05
5.360000000e+00  3.918127098e+05  -4.389429464e+03  3.962021392e+05  3.176987725e+02  4.302457728e+05
5.440000000e+00  3.919116828e+05  -3.833078633e+03  3.957447614e+05  3.173320194e+02  4.386497304e+05
5.520000000e+00  3.917196314e+05  -3.461288741e+03  3.951809202e+05  3.168798975e+02  4.454504643e+05
5.600000000e+00  3.916978570e+05  -5.055371406e+03  3.967532284e+05  3.181406691e+02  4.376025275e+05
5.680000000e+00  3.919839330e+05  -4.543231708e+03  3.965271648e+05  3.179593976e+02  4.446795044e+05
5.760000000e+00  3.921323679e+05  -3.321946860e+03  3.954543148e+05  3.170991218e+02  4.535089639e+05
5.840000000e+00  3.916081190e+05  1.467259475e+03  3.901408595e+05  3.128384729e+02  4.847381106e+05
5.920000000e+00  3.917152875e+05  -4.534272869e+03  3.962495604e+05  3.177367977e+02  4.330035449e+05
6.000000000e+00  3.918971137e+05  -4.449344901e+03  3.963464586e+05  3.178144965e+02  4.264678939e+05
6.080000000e+00  3.919361472e+05  -4.145118712e+03  3.960812659e+05  3.176018490e+02  4.301260272e+05
6.160000000e+00  3.929705539e+05  1.547321009e+03  3.914232329e+05  3.138667572e+02  4.755069753e+05
6.240000000e+00  3.912299471e+05  -2.288766363e+03  3.935187135e+05  3.155470399e+02  4.465089020e+05
6.320000000e+00  3.919020856e+05  -3.675889153e+03  3.955779747e+05  3.171982798e+02  4.297861474e+05
6.400000000e+00  3.919035242e+05  -3.202512882e+03  3.951060371e+05  3.168198517e+02  4.312351569e+05
6.480000000e+00  3.919000787e+05  -2.803002692e+03  3.947030814e+05  3.164967376e+02  4.348305637e+05
6.560000000e+00  3.918714777e+05  -2.532046406e+03  3.944035241e+05  3.162565344e+02  4.375558002e+05
6.640000000e+00  3.918344713e+05  -2.674785850e+03  3.945092571e+05  3.163413175e+02  4.358821149e+05
6.720000000e+00  3.918486665e+05  -2.891747542e+03  3.947404141e+05  3.165266731e+02  4.323821617e+05
6.800000000e+00  3.918617127e+05  -2.926967717e+03  3.947886804e+05  3.165653760e+02  4.301279136e+05
6.880000000e+00  3.918524397e+05  -2.952696647e+03  3.948051363e+05  3.165785713e+02  4.289327779e+05
6.960000000e+00  3.918268116e+05  -3.162214932e+03  3.949890265e+05  3.167260256e+02  4.280584109e+05
7.040000000e+00  3.917969956e+05  -3.675949650e+03  3.954729452e+05  3.171140608e+02  4.275879416e+05
7.120000000e+00  3.919413646e+05  -3.932549389e+03  3.958739140e+05  3.174355817e+02  4.331643657e+05
7.200000000e+00  3.922766124e+05  -4.687136185e+01  3.923234838e+05  3.145886326e+02  4.681165067e+05
7.280000000e+00  3.914213144e+05  -4.342074993e+03  3.957633894e+05  3.173469564e+02  4.396633407e+05
7.360000000e+00  3.918483168e+05  -5.824933103e+03  3.976732499e+05  3.188783978e+02  4.292670498e+05
7.440000000e+00  3.918873883e+05  -5.629291786e+03  3.975166800e+05  3.187528506e+02  4.357296243e+05
7.520000000e+00  3.919408204e+05  -5.407925810e+03  3.973487463e+05  3.186181912e+02  4.450236489e+05
7.600000000e+00  3.922078469e+05  -2.584796734e+03  3.947926436e+05  3.165685539e+02  4.700544611e+05
7.680000000e+00  3.915231847e+05  -3.928207647e+03  3.954513923e+05  3.170967784e+02  4.571801333e+05
7.760000000e+00  3.918055441e+05  -5.949924372e+03  3.977554685e+05  3.189443256e+02  4.343802223e+05
7.840000000e+00  3.919557310e+05  -5.582505900e+03  3.975382369e+05  3.187701362e+02  4.316768006e+05
7.920000000e+00  3.919652635e+05  -4.429726690e+03  3.963949902e+05  3.178534121e+02  4.380893814e+05
8.000000000e+00  3.917824072e+05  -4.436784662e+03  3.962191918e+05  3.177124463e+02  4.368479220e+05
8.080000000e+00  3.917900168e+05  -5.344828978e+03  3.971348458e+05  3.184466729e+02  4.293020741e+05
8.160000000e+00  3.918464758e+05  -5.774580636e+03  3.976210564e+05  3.188365459e+02  4.272061478e+05
8.240000000e+00  3.919778064e+05  -5.328824812e+03  3.973066313e+05  3.185844209e+02  4.339445116e+05
8.320000000e+00  3.918521603e+05  -4.319399450e+03  3.961715597e+05  3.176742520e+02  4.438287817e+05
8.400000000e+00  3.916985416e+05  -5.900575732e+03  3.975991173e+05  3.188189538e+02  4.321802028e+05
8.480000000e+00  3.918174080e+05  -6.818041737e+03  3.986354497e+05  3.196499477e+02  4.248773004e+05
8.560000000e+00  3.918634328e+05  -7.033504515e+03  3.988969373e+05  3.198596242e+02  4.260853190e+05
8.640000000e+00  3.919731189e+05  -6.493339707e+03  3.984664586e+05  3.195144404e+02  4.363244560e+05
8.720000000e+00  3.919810949e+05  -5.329842815e+03  3.973109377e+05  3.185878740e+02  4.517211784e+05
8.800000000e+00  3.918694691e+05  -4.240754335e+03  3.961102234e+05  3.176250689e+02  4.621496236e+05
8.880000000e+00  3.917000475e+05  -6.297987871e+03  3.979980354e+05  3.191388304e+02  4.443743774e+05
8.960000000e+00  3.918705121e+05  -6.735524341e+03  3.986060364e+05  3.196263623e+02  4.353732728e+05
9.040000000e+00  3.918653907e+05  -6.708727236e+03  3.985741179e+05  3.196007681e+02  4.304381599e+05
9.120000000e+00  3.918836374e+05  -6.587942800e+03  3.984715802e+05  3.195185472e+02  4.275430060e+05
9.200000000e+00  3.918981145e+05  -6.304958410e+03  3.982030729e+05  3.193032418e+02  4.276671767e+05
9.280000000e+00  3.919442127e+05  -5.753245277e+03  3.976974580e+05  3.188978093e+02  4.315314907e+05
9.360000000e+00  3.919794820e+05  -4.641239765e+03  3.966207218e+05  3.180344172e+02  4.397850072e+05
9.440000000e+00  3.918017507e+05  -4.448804324e+03  3.962505550e+05  3.177375952e+02  4.396738811e+05
9.520000000e+00  3.918181527e+05  -5.159343851e+03  3.969774966e+05  3.183205008e+02  4.313433083e+05
9.600000000e+00  3.918678589e+05  -5.293335925e+03  3.971611949e+05  3.184678012e+02  4.275244451e+05
9.680000000e+00  3.918756869e+05  -5.183907627e+03  3.970595945e+05  3.183863319e+02  4.271072741e+05
9.760000000e+00  3.918783593e+05  -5.046685185e+03  3.969250445e+05  3.182784416e+02  4.284824757e+05
9.840000000e+00  3.918926628e+05  -4.830366827e+03  3.967230297e+05  3.181164539e+02  4.316717941e+05
9.920000000e+00  3.919146939e+05  -4.392853183e+03  3.963075471e+05  3.177832949e+02  4.368545823e+05
1.000000000e+01  3.919054432e+05  -3.901352889e+03  3.958067961e+05  3.173817626e+02  4.416223703e+05
1.008000000e+01  3.918861215e+05  -3.571130359e+03  3.954572518e+05  3.171014769e+02  4.432639067e+05
1.016000000e+01  3.918430901e+05  -3.578955864e+03  3.954220460e+05  3.170732467e+02  4.402031989e+05
1.024000000e+01  3.918520870e+05  -3.779746766e+03  3.956318338e+05  3.172414672e+02  4.343756759e+05
1.032000000e+01  3.918801271e+05  -3.711617742e+03  3.955917449e+05  3.172093215e+02  4.305878167e+05
1.040000000e+01  3.918861571e+05  -3.478801335e+03  3.953649585e+05  3.170274705e+02  4.289978031e+05
1.048000000e+01  3.918792524e+05  -3.264963434e+03  3.951442159e+05  3.168504658e+02  4.284128779e+05
1.056000000e+01  3.918677504e+05  -3.148580171e+03  3.950163306e+05  3.167479197e+02  4.281529673e+05
1.064000000e+01  3.918541080e+05  -3.159098711e+03  3.950132067e+05  3.167454147e+02  4.279398240e+05
1.072000000e+01  3.918387594e+05  -3.315404075e+03  3.951541635e+05  3.168584424e+02  4.277077238e+05
1.080000000e+01  3.918230144e+05  -3.631074846e+03  3.954540892e+05  3.170989409e+02  4.276094739e+05
1.088000000e+01  3.918170575e+05  -4.068729522e+03  3.958857870e+05  3.174451023e+02  4.283624594e+05
1.096000000e+01  3.918685593e+05  -4.328591171e+03  3.961971505e+05  3.176947723e+02  4.325575505e+05
1.104000000e+01  3.920440527e+05  -3.369456882e+03  3.954135096e+05  3.170664017e+02  4.463740110e+05
1.112000000e+01  3.917479005e+05  -2.646553977e+03  3.943944545e+05  3.162492619e+02  4.547768180e+05
1.120000000e+01  3.916992918e+05  -4.666324848e+03  3.963656166e+05  3.178298586e+02  4.384684099e+05
1.128000000e+01  3.918086695e+05  -5.599420743e+03  3.974080903e+05  3.186657768e+02  4.290335052e+05
1.136000000e+01  3.918278219e+05  -6.007066232e+03  3.978348881e+05  3.190080091e+02  4.269513647e+05
1.144000000e+01  3.919075178e+05  -6.084842399e+03  3.979923602e+05  3.191342797e+02  4.325550224e+05
1.152000000e+01  3.920983034e+05  -4.703666158e+03  3.968019696e+05  3.181797527e+02  4.526438037e+05
1.160000000e+01  3.920903814e+05  -1.218450341e+03  3.933088317e+05  3.153787440e+02  4.834688748e+05
1.168000000e+01  3.914790943e+05  -6.594728233e+03  3.980738225e+05  3.191996011e+02  4.426162000e+05
1.176000000e+01  3.919299823e+05  -7.313252685e+03  3.992432350e+05  3.201373066e+02  4.323884344e+05
1.184000000e+01  3.919549812e+05  -6.472594655e+03  3.984275758e+05  3.194832618e+02  4.375839045e+05
1.192000000e+01  3.919246357e+05  -5.744923088e+03  3.976695588e+05  3.188754381e+02  4.431334252e+05
1.200000000e+01  3.918615850e+05  -5.507585643e+03  3.973691706e+05  3.186345687e+02  4.436881216e+05
1.208000000e+01  3.918497471e+05  -5.729919175e+03  3.975796662e+05  3.188033568e+02  4.391986513e+05
1.216000000e+01  3.918987486e+05  -5.656576635e+03  3.975553253e+05  3.187838387e+02  4.365085174e+05
1.224000000e+01  3.918903644e+05  -5.336227119e+03  3.972265915e+05  3.185202402e+02  4.361444942e+05
1.232000000e+01  3.918403914e+05  -5.424562578e+03  3.972649539e+05  3.185510015e+02  4.335958205e+05
1.240000000e+01  3.918636465e+05  -5.674897835e+03  3.975385444e+05  3.187703828e+02  4.313734126e+05
1.248000000e+01  3.920416286e+05  -4.941283015e+03  3.969829116e+05  3.183248429e+02  4.381494221e+05
1.256000000e+01  3.918994460e+05  -3.222963030e+03  3.951224091e+05  3.168329798e+02  4.505886583e+05
1.264000000e+01  3.917201150e+05  -4.845075465e+03  3.965651905e+05  3.179898889e+02  4.356868335e+05
1.272000000e+01  3.918750141e+05  -5.385572085e+03  3.972605862e+05  3.185474991e+02  4.272051508e+05
1.280000000e+01  3.918881500e+05  -5.227123187e+03  3.971152732e+05  3.184309784e+02  4.256221786e+05
1.288000000e+01  3.918705771e+05  -5.152391598e+03  3.970229687e+05  3.183569631e+02  4.254668433e+05
1.296000000e+01  3.918551339e+05  -5.266570890e+03  3.971217048e+05  3.184361357e+02  4.260276534e+05
1.304000000e+01  3.918902149e+05  -5.337991664e+03  3.972282065e+05  3.185215352e+02  4.295263888e+05
1.312000000e+01  3.919871611e+05  -4.601096743e+03  3.965882579e+05  3.180083858e+02  4.411544301e+05
1.320000000e+01  3.918180314e+05  -4.540417521e+03  3.963584489e+05  3.178241110e+02  4.493175250e+05
1.328000000e+01  3.922684730e+05  -2.592184984e+03  3.948606580e+05  3.166230920e+02  4.714055191e+05
1.336000000e+01  3.933931619e+05  4.747700628e+03  3.886454613e+05  3.116393724e+02  5.253201120e+05
1.344000000e+01  3.914292532e+05  -6.237278177e+03  3.976665314e+05  3.188730105e+02  4.393673452e+05
1.352000000e+01  3.919889694e+05  -6.114788771e+03  3.981037581e+05  3.192236053e+02  4.312254635e+05
1.360000000e+01  3.919089255e+05  -5.352158911e+03  3.972610845e+05  3.185478987e+02  4.360293093e+05
1.368000000e+01  3.919582820e+05  -5.031090067e+03  3.969893721e+05  3.183300233e+02  4.409879525e+05
1.376000000e+01  3.919625147e+05  -3.534482821e+03  3.954969975e+05  3.171333474e+02  4.534287882e+05
1.384000000e+01  3.916599186e+05  -5.285926649e+03  3.969458453e+05  3.182951209e+02  4.396352453e+05
1.392000000e+01  3.919086663e+05  -6.015238796e+03  3.979239051e+05  3.190793882e+02  4.321228354e+05
1.400000000e+01  3.919731415e+05  -5.122207394e+03  3.970953489e+05  3.184150019e+02  4.377270342e+05
1.408000000e+01  3.918025459e+05  -5.081316611e+03  3.968838625e+05  3.182454194e+02  4.367532201e+05
1.416000000e+01  3.918217928e+05  -5.837438867e+03  3.976592317e+05  3.188671572e+02  4.291431723e+05
1.424000000e+01  3.918550273e+05  -6.207922042e+03  3.980629493e+05  3.191908823e+02  4.260827408e+05
1.432000000e+01  3.918738184e+05  -6.316942017e+03  3.981907604e+05  3.192933690e+02  4.266291150e+05
1.440000000e+01  3.918979641e+05  -6.220677061e+03  3.981186411e+05  3.192355393e+02  4.294865138e+05
1.448000000e+01  3.919071723e+05  -5.924133815e+03  3.978313061e+05  3.190051368e+02  4.334083352e+05
1.456000000e+01  3.918688450e+05  -5.813546076e+03  3.976823911e+05  3.188857277e+02  4.348014737e+05
1.464000000e+01  3.918659314e+05  -5.999946567e+03  3.978658780e+05  3.190328586e+02  4.334942484e+05
1.472000000e+01  3.918802981e+05  -6.033282012e+03  3.979135801e+05  3.190711090e+02  4.334637594e+05
1.480000000e+01  3.918282193e+05  -6.270768925e+03  3.980989882e+05  3.192197805e+02  4.328671535e+05
1.488000000e+01  3.918363956e+05  -6.923907716e+03  3.987603033e+05  3.197500628e+02  4.313734837e+05
1.496000000e+01  3.921274398e+05  -5.903127484e+03  3.980305673e+05  3.191649165e+02  4.433340766e+05
1.504000000e+01  3.916018526e+05  -6.068195640e+03  3.976700483e+05  3.188758305e+02  4.425659464e+05
