4.000000000e-02  3.690048841e+05  -7.728268601e+01  3.690821668e+05  2.959523428e+02  4.083496944e+05
8.000000000e-02  3.690048549e+05  -7.821116612e+01  3.690830660e+05  2.959530639e+02  4.083476073e+05
1.200000000e-01  3.690048248e+05  -7.928824806e+01  3.690841130e+05  2.959539035e+02  4.083451904e+05
1.600000000e-01  3.690047935e+05  -8.051937951e+01  3.690853129e+05  2.959548656e+02  4.083424313e+05
2.000000000e-01  3.690047607e+05  -8.191160236e+01  3.690866723e+05  2.959559556e+02  4.083393141e+05
2.400000000e-01  3.690047259e+05  -8.347365290e+01  3.690881996e+05  2.959571803e+02  4.083358191e+05
2.800000000e-01  3.690046890e+05  -8.521611089e+01  3.690899051e+05  2.959585479e+02  4.083319225e+05
3.200000000e-01  3.690046493e+05  -8.715160306e+01  3.690918009e+05  2.959600681e+02  4.083275958e+05
3.600000000e-01  3.690046064e+05  -8.929506872e+01  3.690939015e+05  2.959617525e+02  4.083228056e+05
4.000000000e-01  3.690045598e+05  -9.166409784e+01  3.690962239e+05  2.959636147e+02  4.083175124e+05
4.400000000e-01  3.690045089e+05  -9.427935535e+01  3.690987882e+05  2.959656709e+02  4.083116697e+05
4.800000000e-01  3.690044527e+05  -9.716510955e+01  3.691016178e+05  2.959679399e+02  4.083052232e+05
5.200000000e-01  3.690043905e+05  -1.003498879e+02  3.691047404e+05  2.959704437e+02  4.082981088e+05
5.600000000e-01  3.690043211e+05  -1.038672902e+02  3.691081884e+05  2.959732086e+02  4.082902512e+05
6.000000000e-01  3.690042433e+05  -1.077569992e+02  3.691120003e+05  2.959762652e+02  4.082815613e+05
6.400000000e-01  3.690041555e+05  -1.120660390e+02  3.691162215e+05  2.959796500e+02  4.082719338e+05
6.800000000e-01  3.690040557e+05  -1.168503498e+02  3.691209060e+05  2.959834063e+02  4.082612431e+05
7.200000000e-01  3.690039416e+05  -1.221767680e+02  3.691261183e+05  2.959875859e+02  4.082493396e+05
7.600000000e-01  3.690038102e+05  -1.281255285e+02  3.691319358e+05  2.959922506e+02  4.082360433e+05
8.000000000e-01  3.690036581e+05  -1.347934485e+02  3.691384516e+05  2.959974754e+02  4.082211375e+05
8.400000000e-01  3.690034807e+05  -1.422980002e+02  3.691457787e+05  2.960033507e+02  4.082043593e+05
8.800000000e-01  3.690032723e+05  -1.507825565e+02  3.691540549e+05  2.960099871e+02  4.081853882e+05
9.200000000e-01  3.690030259e+05  -1.604231873e+02  3.691634490e+05  2.960175199e+02  4.081638309e+05
9.600000000e-01  3.690027322e+05  -1.714375212e+02  3.691741697e+05  2.960261164e+02  4.081392025e+05
1.000000000e+00  3.690023797e+05  -1.840963675e+02  3.691864761e+05  2.960359843e+02  4.081109009e+05
1.040000000e+00  3.690019532e+05  -1.987390411e+02  3.692006922e+05  2.960473837e+02  4.080781740e+05
1.080000000e+00  3.690014332e+05  -2.157936744e+02  3.692172268e+05  2.960606422e+02  4.080400769e+05
1.120000000e+00  3.690007940e+05  -2.358042487e+02  3.692365982e+05  2.960761753e+02  4.079954160e+05
1.160000000e+00  3.690000019e+05  -2.594666842e+02  3.692594686e+05  2.960945142e+02  4.079426757e+05
1.200000000e+00  3.689990127e+05  -2.876771035e+02  3.692866898e+05  2.961163417e+02  4.078799246e+05
1.240000000e+00  3.689977674e+05  -3.215963422e+02  3.693193637e+05  2.961425417e+02  4.078046953e+05
1.280000000e+00  3.689961882e+05  -3.627358583e+02  3.693589241e+05  2.961742636e+02  4.077138371e+05
1.320000000e+00  3.689941722e+05  -4.130711775e+02  3.694072434e+05  2.962130089e+02  4.076033419e+05
1.360000000e+00  3.689915839e+05  -4.751893180e+02  3.694667733e+05  2.962607435e+02  4.074681618e+05
1.400000000e+00  3.689882479e+05  -5.524749239e+02  3.695407228e+05  2.963200408e+02  4.073020653e+05
1.440000000e+00  3.689839416e+05  -6.493331170e+02  3.696332747e+05  2.963942544e+02  4.070976486e+05
1.480000000e+00  3.689783953e+05  -7.714289189e+02  3.697498243e+05  2.964877109e+02  4.068467631e+05
1.520000000e+00  3.689713098e+05  -9.258798099e+02  3.698971896e+05  2.966058773e+02  4.065419248e+05
1.560000000e+00  3.689624172e+05  -1.121240276e+03  3.700836575e+05  2.967553985e+02  4.061798972e+05
1.600000000e+00  3.689516435e+05  -1.366901889e+03  3.703185454e+05  2.969437458e+02  4.057699456e+05
1.640000000e+00  3.689394932e+05  -1.671064764e+03  3.706105580e+05  2.971778991e+02  4.053519171e+05
1.680000000e+00  3.689279113e+05  -2.035452451e+03  3.709633638e+05  2.974608001e+02  4.050344548e+05
1.720000000e+00  3.689220510e+05  -2.443121304e+03  3.713651723e+05  2.977829944e+02  4.050716334e+05
1.760000000e+00  3.689330691e+05  -2.834023096e+03  3.717670922e+05  2.981052780e+02  4.059961635e+05
1.800000000e+00  3.689780207e+05  -3.071901650e+03  3.720499224e+05  2.983320683e+02  4.087432489e+05
1.840000000e+00  3.690564237e+05  -2.970162386e+03  3.720265861e+05  2.983133559e+02  4.142613502e+05
1.880000000e+00  3.690857781e+05  -2.572583557e+03  3.716583617e+05  2.980180913e+02  4.214418816e+05
1.920000000e+00  3.689803103e+05  -2.451224135e+03  3.714315344e+05  2.978362075e+02  4.255396494e+05
1.960000000e+00  3.689094719e+05  -2.847663026e+03  3.717571349e+05  2.980972937e+02  4.246230401e+05
2.000000000e+00  3.689543517e+05  -3.202714683e+03  3.721570664e+05  2.984179828e+02  4.224265727e+05
2.040000000e+00  3.689719998e+05  -3.372780694e+03  3.723447805e+05  2.985685033e+02  4.200185394e+05
2.080000000e+00  3.689510425e+05  -3.602408163e+03  3.725534507e+05  2.987358277e+02  4.161092203e+05
2.120000000e+00  3.689588095e+05  -3.863889478e+03  3.728226989e+05  2.989517272e+02  4.113834150e+05
2.160000000e+00  3.689914510e+05  -3.996955121e+03  3.729884061e+05  2.990846012e+02  4.074435680e+05
2.200000000e+00  3.690178111e+05  -3.977429089e+03  3.729952402e+05  2.990900812e+02  4.049154376e+05
2.240000000e+00  3.690280357e+05  -3.876179169e+03  3.729042149e+05  2.990170916e+02  4.036518162e+05
2.280000000e+00  3.690288904e+05  -3.757305814e+03  3.727861962e+05  2.989224571e+02  4.034289097e+05
2.320000000e+00  3.690363473e+05  -3.622186798e+03  3.726585341e+05  2.988200899e+02  4.043748118e+05
2.360000000e+00  3.690786013e+05  -3.356707703e+03  3.724353090e+05  2.986410946e+02  4.073152961e+05
2.400000000e+00  3.691858162e+05  -2.683611875e+03  3.718694281e+05  2.981873371e+02  4.138879461e+05
2.440000000e+00  3.692677119e+05  -1.457409855e+03  3.707251218e+05  2.972697633e+02  4.241167358e+05
2.480000000e+00  3.690286413e+05  -7.183229823e+02  3.697469643e+05  2.964854176e+02  4.296702306e+05
2.520000000e+00  3.687395760e+05  -1.607945399e+03  3.703475214e+05  2.969669805e+02  4.229128191e+05
2.560000000e+00  3.687952929e+05  -2.855452214e+03  3.716507451e+05  2.980119839e+02  4.131048363e+05
2.600000000e+00  3.689196528e+05  -3.502996183e+03  3.724226489e+05  2.986309429e+02  4.073719459e+05
2.640000000e+00  3.689817854e+05  -3.717892010e+03  3.726996775e+05  2.988530811e+02  4.051892657e+05
2.680000000e+00  3.690036573e+05  -3.759562404e+03  3.727632197e+05  2.989040331e+02  4.049584337e+05
2.720000000e+00  3.690098774e+05  -3.746246968e+03  3.727561243e+05  2.988983436e+02  4.057327411e+05
2.760000000e+00  3.690100359e+05  -3.722780626e+03  3.727328165e+05  2.988796540e+02  4.069619676e+05
2.800000000e+00  3.690105117e+05  -3.700751155e+03  3.727112629e+05  2.988623710e+02  4.083202294e+05
2.840000000e+00  3.690201233e+05  -3.651267649e+03  3.726713909e+05  2.988303993e+02  4.097808143e+05
2.880000000e+00  3.690378316e+05  -3.523702482e+03  3.725615341e+05  2.987423094e+02  4.114526948e+05
2.920000000e+00  3.690393732e+05  -3.344356117e+03  3.723837293e+05  2.985997348e+02  4.128914717e+05
2.960000000e+00  3.690065638e+05  -3.264592599e+03  3.722711564e+05  2.985094671e+02  4.128885638e+05
3.000000000e+00  3.689713299e+05  -3.376740907e+03  3.723480708e+05  2.985711417e+02  4.108778227e+05
3.040000000e+00  3.689698945e+05  -3.566041436e+03  3.725359359e+05  2.987217833e+02  4.079149158e+05
3.080000000e+00  3.689906517e+05  -3.683345911e+03  3.726739976e+05  2.988324894e+02  4.053679989e+05
3.120000000e+00  3.690091204e+05  -3.697093327e+03  3.727062138e+05  2.988583223e+02  4.037628603e+05
3.160000000e+00  3.690169121e+05  -3.651089617e+03  3.726680017e+05  2.988276816e+02  4.029928140e+05
3.200000000e+00  3.690165515e+05  -3.593086002e+03  3.726096375e+05  2.987808816e+02  4.028021669e+05
3.240000000e+00  3.690125362e+05  -3.549752051e+03  3.725622883e+05  2.987429142e+02  4.029948200e+05
3.280000000e+00  3.690078324e+05  -3.529387502e+03  3.725372199e+05  2.987228129e+02  4.034505415e+05
3.320000000e+00  3.690032399e+05  -3.532118093e+03  3.725353580e+05  2.987213199e+02  4.040756784e+05
3.360000000e+00  3.689978020e+05  -3.559840951e+03  3.725576429e+05  2.987391892e+02  4.047499645e+05
3.400000000e+00  3.689903288e+05  -3.620800885e+03  3.726111297e+05  2.987820782e+02  4.053142413e+05
3.440000000e+00  3.689817673e+05  -3.723528283e+03  3.727052956e+05  2.988575861e+02  4.056364161e+05
3.480000000e+00  3.689762760e+05  -3.861716923e+03  3.728379930e+05  2.989639908e+02  4.057337022e+05
3.520000000e+00  3.689797397e+05  -4.002025441e+03  3.729817651e+05  2.990792760e+02  4.058491234e+05
3.560000000e+00  3.689955418e+05  -4.087470969e+03  3.730830127e+05  2.991604625e+02  4.063861414e+05
3.600000000e+00  3.690209847e+05  -4.061171464e+03  3.730821561e+05  2.991597756e+02  4.076849168e+05
3.640000000e+00  3.690415649e+05  -3.913819773e+03  3.729553847e+05  2.990581226e+02  4.096395455e+05
3.680000000e+00  3.690337454e+05  -3.742351249e+03  3.727760966e+05  2.989143586e+02  4.113292043e+05
3.720000000e+00  3.689954043e+05  -3.711996381e+03  3.727074007e+05  2.988592741e+02  4.114332799e+05
3.760000000e+00  3.689637072e+05  -3.870652822e+03  3.728343600e+05  2.989610777e+02  4.096317773e+05
3.800000000e+00  3.689646140e+05  -4.089111159e+03  3.730537252e+05  2.991369779e+02  4.069849501e+05
3.840000000e+00  3.689846566e+05  -4.234949943e+03  3.732196065e+05  2.992699916e+02  4.046476111e+05
3.880000000e+00  3.690036872e+05  -4.278196245e+03  3.732818835e+05  2.993199290e+02  4.030571594e+05
3.920000000e+00  3.690144049e+05  -4.251289872e+03  3.732656948e+05  2.993069480e+02  4.021510011e+05
3.960000000e+00  3.690179080e+05  -4.194183659e+03  3.732120916e+05  2.992639657e+02  4.017432830e+05
4.000000000e+00  3.690174764e+05  -4.133055702e+03  3.731505321e+05  2.992146036e+02  4.017019442e+05
4.040000000e+00  3.690165560e+05  -4.077011798e+03  3.730935678e+05  2.991689262e+02  4.019986038e+05
4.080000000e+00  3.690191445e+05  -4.016609104e+03  3.730357536e+05  2.991225673e+02  4.027292274e+05
4.120000000e+00  3.690307318e+05  -3.918065714e+03  3.729487975e+05  2.990528406e+02  4.041418807e+05
4.160000000e+00  3.690571380e+05  -3.717521794e+03  3.727746598e+05  2.989132065e+02  4.066300454e+05
4.200000000e+00  3.690941403e+05  -3.345463333e+03  3.724396037e+05  2.986445383e+02  4.104784161e+05
4.240000000e+00  3.691043581e+05  -2.846537991e+03  3.719508961e+05  2.982526631e+02  4.149834473e+05
4.280000000e+00  3.690313559e+05  -2.576771967e+03  3.716081279e+05  2.979778108e+02  4.175212950e+05
4.320000000e+00  3.689291238e+05  -2.822324859e+03  3.717514487e+05  2.980927341e+02  4.158868282e+05
4.360000000e+00  3.688957710e+05  -3.391809513e+03  3.722875805e+05  2.985226369e+02  4.114645354e+05
4.400000000e+00  3.689231188e+05  -3.919007445e+03  3.728421263e+05  2.989673052e+02  4.070994506e+05
4.440000000e+00  3.689553310e+05  -4.278714817e+03  3.732340458e+05  2.992815699e+02  4.040085804e+05
4.480000000e+00  3.689714801e+05  -4.525334732e+03  3.734968149e+05  2.994922740e+02  4.020772780e+05
4.520000000e+00  3.689738857e+05  -4.736052354e+03  3.737099381e+05  2.996631690e+02  4.009003469e+05
4.560000000e+00  3.689686804e+05  -4.960364908e+03  3.739290453e+05  2.998388624e+02  4.001802912e+05
4.600000000e+00  3.689602035e+05  -5.222062388e+03  3.741822659e+05  3.000419100e+02  3.997648164e+05
4.640000000e+00  3.689508143e+05  -5.529575887e+03  3.744803901e+05  3.002809640e+02  3.996019744e+05
4.680000000e+00  3.689413843e+05  -5.885119088e+03  3.748265034e+05  3.005584985e+02  3.996948538e+05
4.720000000e+00  3.689330252e+05  -6.289116236e+03  3.752221414e+05  3.008757449e+02  4.000868530e+05
4.760000000e+00  3.689292024e+05  -6.723328037e+03  3.756525304e+05  3.012208567e+02  4.009393746e+05
4.800000000e+00  3.689403021e+05  -7.136718925e+03  3.760770211e+05  3.015612389e+02  4.026826910e+05
4.840000000e+00  3.689853756e+05  -7.398337349e+03  3.763837130e+05  3.018071630e+02  4.062620683e+05
4.880000000e+00  3.690780607e+05  -7.287685362e+03  3.763657460e+05  3.017927560e+02  4.130333531e+05
4.920000000e+00  3.691921226e+05  -6.623184862e+03  3.758153075e+05  3.013513812e+02  4.236338700e+05
4.960000000e+00  3.692094048e+05  -5.600229166e+03  3.748096339e+05  3.005449715e+02  4.355439073e+05
5.000000000e+00  3.688978736e+05  -5.448222785e+03  3.743460964e+05  3.001732791e+02  4.393575863e+05
5.040000000e+00  3.686796795e+05  -6.915503328e+03  3.755951829e+05  3.011748720e+02  4.306917175e+05
5.080000000e+00  3.689534171e+05  -7.854625307e+03  3.768080424e+05  3.021474159e+02  4.248381292e+05
5.120000000e+00  3.691260822e+05  -7.472463724e+03  3.765985460e+05  3.019794291e+02  4.268920181e+05
5.160000000e+00  3.689385327e+05  -7.439088858e+03  3.763776216e+05  3.018022786e+02  4.254597742e+05
5.200000000e+00  3.689076901e+05  -8.047539348e+03  3.769552294e+05  3.022654394e+02  4.191606942e+05
5.240000000e+00  3.690388019e+05  -8.183680187e+03  3.772224820e+05  3.024797386e+02  4.159068047e+05
5.280000000e+00  3.690959962e+05  -7.859248770e+03  3.769552450e+05  3.022654518e+02  4.159975743e+05
5.320000000e+00  3.691071918e+05  -7.426974307e+03  3.765341661e+05  3.019278054e+02  4.172102959e+05
5.360000000e+00  3.691122266e+05  -6.933785727e+03  3.760460123e+05  3.015363743e+02  4.190340641e+05
5.400000000e+00  3.690600147e+05  -6.579722783e+03  3.756397375e+05  3.012105985e+02  4.198697762e+05
5.440000000e+00  3.689504642e+05  -6.709310255e+03  3.756597745e+05  3.012266655e+02  4.171380432e+05
5.480000000e+00  3.689221499e+05  -7.179424034e+03  3.761015740e+05  3.015809269e+02  4.121607674e+05
5.520000000e+00  3.689814764e+05  -7.494666955e+03  3.764761433e+05  3.018812792e+02  4.086881341e+05
5.560000000e+00  3.690560540e+05  -7.444803420e+03  3.765008574e+05  3.019010964e+02  4.084102614e+05
5.600000000e+00  3.691097851e+05  -7.089827316e+03  3.761996124e+05  3.016595401e+02  4.110188039e+05
5.640000000e+00  3.691386137e+05  -6.553847478e+03  3.756924612e+05  3.012528756e+02  4.152311374e+05
5.680000000e+00  3.691265009e+05  -5.991066202e+03  3.751175671e+05  3.007918909e+02  4.192167989e+05
5.720000000e+00  3.690499914e+05  -5.679817310e+03  3.747298087e+05  3.004809628e+02  4.205238912e+05
5.760000000e+00  3.689482954e+05  -5.869092200e+03  3.748173876e+05  3.005511889e+02  4.173387363e+05
5.800000000e+00  3.689176250e+05  -6.370362623e+03  3.752879876e+05  3.009285443e+02  4.114140726e+05
5.840000000e+00  3.689659193e+05  -6.773982892e+03  3.757399022e+05  3.012909167e+02  4.061559662e+05
5.880000000e+00  3.690124608e+05  -6.920701965e+03  3.759331628e+05  3.014458847e+02  4.029185764e+05
5.920000000e+00  3.690299185e+05  -6.922271640e+03  3.759521902e+05  3.014611420e+02  4.012747925e+05
5.960000000e+00  3.690216966e+05  -6.919358837e+03  3.759410554e+05  3.014522135e+02  4.004602075e+05
6.000000000e+00  3.689997825e+05  -7.005971185e+03  3.760057537e+05  3.015040925e+02  4.000369575e+05
6.040000000e+00  3.689923107e+05  -7.176485845e+03  3.761687966e+05  3.016348300e+02  4.004069014e+05
6.080000000e+00  3.691034998e+05  -7.091715009e+03  3.761952148e+05  3.016560138e+02  4.043935661e+05
6.120000000e+00  3.696099879e+05  -5.348811291e+03  3.749587992e+05  3.006645812e+02  4.212068286e+05
6.160000000e+00  3.696965127e+05  -1.308459116e+03  3.710049718e+05  2.974941639e+02  4.509415217e+05
6.200000000e+00  3.681253332e+05  -3.128739165e+03  3.712540724e+05  2.976939078e+02  4.371526572e+05
6.240000000e+00  3.685885805e+05  -6.621521040e+03  3.752101015e+05  3.008660906e+02  4.116009167e+05
6.280000000e+00  3.690248139e+05  -7.267539331e+03  3.762923533e+05  3.017339053e+02  4.049411358e+05
6.320000000e+00  3.691454374e+05  -6.841964264e+03  3.759874017e+05  3.014893767e+02  4.069533950e+05
6.360000000e+00  3.691764681e+05  -6.127176000e+03  3.753036441e+05  3.009410986e+02  4.121311665e+05
6.400000000e+00  3.691402204e+05  -5.454226997e+03  3.745944474e+05  3.003724219e+02  4.172884853e+05
6.440000000e+00  3.690380642e+05  -5.182043730e+03  3.742201080e+05  3.000722540e+02  4.192388174e+05
6.480000000e+00  3.689510598e+05  -5.412964749e+03  3.743640246e+05  3.001876550e+02  4.170586553e+05
6.520000000e+00  3.689364168e+05  -5.860530391e+03  3.747969472e+05  3.005347985e+02  4.128730027e+05
6.560000000e+00  3.689713230e+05  -6.212989584e+03  3.751843126e+05  3.008454114e+02  4.091467850e+05
6.600000000e+00  3.690189402e+05  -6.340766688e+03  3.753597069e+05  3.009860531e+02  4.070446634e+05
6.640000000e+00  3.690634352e+05  -6.238680897e+03  3.753021161e+05  3.009398734e+02  4.067161373e+05
6.680000000e+00  3.691080667e+05  -5.916529466e+03  3.750245962e+05  3.007173412e+02  4.080486035e+05
6.720000000e+00  3.691501019e+05  -5.371389654e+03  3.745214916e+05  3.003139216e+02  4.108707551e+05
6.760000000e+00  3.691477451e+05  -4.727836043e+03  3.738755812e+05  2.997959916e+02  4.140233729e+05
6.800000000e+00  3.690668722e+05  -4.342279394e+03  3.734091516e+05  2.994219803e+02  4.148812423e+05
6.840000000e+00  3.689839708e+05  -4.414581319e+03  3.733985521e+05  2.994134809e+02  4.122607495e+05
6.880000000e+00  3.689744359e+05  -4.682205111e+03  3.736566410e+05  2.996204322e+02  4.083822941e+05
6.920000000e+00  3.690098422e+05  -4.840415389e+03  3.738502576e+05  2.997756856e+02  4.058246135e+05
6.960000000e+00  3.690628154e+05  -4.767555216e+03  3.738303706e+05  2.997597391e+02  4.058524446e+05
7.000000000e+00  3.691523960e+05  -4.328768259e+03  3.734811642e+05  2.994797243e+02  4.095316476e+05
7.040000000e+00  3.692661918e+05  -3.331126407e+03  3.725973182e+05  2.987710033e+02  4.177114096e+05
7.080000000e+00  3.691813237e+05  -2.240125765e+03  3.714214494e+05  2.978281208e+02  4.261108188e+05
7.120000000e+00  3.688334800e+05  -2.519368149e+03  3.713528482e+05  2.977731121e+02  4.244395272e+05
7.160000000e+00  3.687388967e+05  -3.918320254e+03  3.726572170e+05  2.988190338e+02  4.154023291e+05
7.200000000e+00  3.688961589e+05  -4.926940138e+03  3.738230990e+05  2.997539083e+02  4.105703552e+05
7.240000000e+00  3.693402003e+05  -4.435139956e+03  3.737753403e+05  2.997156124e+02  4.191461807e+05
7.280000000e+00  3.708920904e+05  1.388184698e+03  3.695039057e+05  2.962905186e+02  4.656695991e+05
7.320000000e+00  3.689176726e+05  8.517355104e+03  3.604003175e+05  2.889907125e+02  5.112904870e+05
7.360000000e+00  3.674514030e+05  1.599744860e+02  3.672914285e+05  2.945164209e+02  4.507770789e+05
7.400000000e+00  3.686520568e+05  -3.537138548e+03  3.721891953e+05  2.984437458e+02  4.185783263e+05
7.440000000e+00  3.690059245e+05  -4.134215812e+03  3.731401403e+05  2.992062708e+02  4.073728887e+05
7.480000000e+00  3.690898725e+05  -3.922962611e+03  3.730128351e+05  2.991041898e+02  4.036707465e+05
7.520000000e+00  3.690929428e+05  -3.580282388e+03  3.726732252e+05  2.988318701e+02  4.026500861e+05
7.560000000e+00  3.690752538e+05  -3.298762251e+03  3.723740160e+05  2.985919461e+02  4.025180800e+05
7.600000000e+00  3.690553086e+05  -3.116225864e+03  3.721715344e+05  2.984295842e+02  4.026347013e+05
7.640000000e+00  3.690377864e+05  -3.026638066e+03  3.720644245e+05  2.983436970e+02  4.027865241e+05
7.680000000e+00  3.690233200e+05  -3.015194006e+03  3.720385140e+05  2.983229204e+02  4.029179971e+05
7.720000000e+00  3.690116427e+05  -3.067357165e+03  3.720789999e+05  2.983553844e+02  4.030379644e+05
7.760000000e+00  3.690026288e+05  -3.169732033e+03  3.721723608e+05  2.984302468e+02  4.031916235e+05
7.800000000e+00  3.689967475e+05  -3.307863485e+03  3.723046110e+05  2.985362930e+02  4.034600475e+05
7.840000000e+00  3.689953779e+05  -3.462251728e+03  3.724576296e+05  2.986589926e+02  4.039732666e+05
7.880000000e+00  3.690008208e+05  -3.603514454e+03  3.726043353e+05  2.987766300e+02  4.049237886e+05
7.920000000e+00  3.690148828e+05  -3.691145906e+03  3.727060287e+05  2.988581739e+02  4.065426841e+05
7.960000000e+00  3.690337305e+05  -3.689877768e+03  3.727236083e+05  2.988722703e+02  4.089436130e+05
8.000000000e+00  3.690404066e+05  -3.621966661e+03  3.726623733e+05  2.988231684e+02  4.117461266e+05
8.040000000e+00  3.690141921e+05  -3.617143583e+03  3.726313357e+05  2.987982806e+02  4.138186787e+05
8.080000000e+00  3.689710448e+05  -3.812912930e+03  3.727839577e+05  2.989206621e+02  4.141365751e+05
8.120000000e+00  3.689664047e+05  -4.128033116e+03  3.730944379e+05  2.991696238e+02  4.133894719e+05
8.160000000e+00  3.690327056e+05  -4.251275022e+03  3.732839806e+05  2.993216106e+02  4.138936353e+05
8.200000000e+00  3.691480153e+05  -3.868210926e+03  3.730162262e+05  2.991069090e+02  4.177239927e+05
8.240000000e+00  3.691851714e+05  -3.067411278e+03  3.722525826e+05  2.984945735e+02  4.236688294e+05
8.280000000e+00  3.690030502e+05  -2.756721528e+03  3.717597717e+05  2.980994080e+02  4.249334885e+05
8.320000000e+00  3.688517601e+05  -3.417905420e+03  3.722696655e+05  2.985082716e+02  4.184602605e+05
8.360000000e+00  3.689015501e+05  -4.185673745e+03  3.730872239e+05  2.991638392e+02  4.106305607e+05
8.400000000e+00  3.689888668e+05  -4.528296417e+03  3.735171633e+05  2.995085905e+02  4.055997765e+05
8.440000000e+00  3.690353595e+05  -4.555703188e+03  3.735910627e+05  2.995678475e+02  4.030774412e+05
8.480000000e+00  3.690500534e+05  -4.456579158e+03  3.735066326e+05  2.995001464e+02  4.019484121e+05
8.520000000e+00  3.690498784e+05  -4.334993268e+03  3.733848717e+05  2.994025112e+02  4.014868364e+05
8.560000000e+00  3.690440168e+05  -4.234162796e+03  3.732781796e+05  2.993169590e+02  4.013236620e+05
8.600000000e+00  3.690363453e+05  -4.169114027e+03  3.732054593e+05  2.992586475e+02  4.012812268e+05
8.640000000e+00  3.690284970e+05  -4.143412950e+03  3.731719099e+05  2.992317456e+02  4.012737366e+05
8.680000000e+00  3.690209440e+05  -4.156174596e+03  3.731771185e+05  2.992359222e+02  4.012588598e+05
8.720000000e+00  3.690138260e+05  -4.205378019e+03  3.732192040e+05  2.992696688e+02  4.012150758e+05
8.760000000e+00  3.690071752e+05  -4.288746817e+03  3.732959220e+05  2.993311859e+02  4.011327912e+05
8.800000000e+00  3.690009539e+05  -4.404027620e+03  3.734049815e+05  2.994186364e+02  4.010111772e+05
8.840000000e+00  3.689951238e+05  -4.549187211e+03  3.735443111e+05  2.995303593e+02  4.008576175e+05
8.880000000e+00  3.689896540e+05  -4.722368272e+03  3.737120223e+05  2.996648402e+02  4.006889460e+05
8.920000000e+00  3.689845477e+05  -4.921781093e+03  3.739063288e+05  2.998206470e+02  4.005338153e+05
8.960000000e+00  3.689799114e+05  -5.145340729e+03  3.741252521e+05  2.999961929e+02  4.004369085e+05
9.000000000e+00  3.689760869e+05  -5.389776360e+03  3.743658632e+05  3.001891294e+02  4.004665403e+05
9.040000000e+00  3.689738914e+05  -5.648774857e+03  3.746226663e+05  3.003950496e+02  4.007283313e+05
9.080000000e+00  3.689751040e+05  -5.909248467e+03  3.748843524e+05  3.006048853e+02  4.013904760e+05
9.120000000e+00  3.689837878e+05  -6.143053042e+03  3.751268408e+05  3.007993271e+02  4.027373166e+05
9.160000000e+00  3.690107341e+05  -6.283931800e+03  3.752946659e+05  3.009338994e+02  4.053115431e+05
9.200000000e+00  3.690853984e+05  -6.160376944e+03  3.752457753e+05  3.008946959e+02  4.102963914e+05
9.240000000e+00  3.692530474e+05  -5.386483977e+03  3.746395313e+05  3.004085730e+02  4.199466014e+05
9.280000000e+00  3.693678974e+05  -3.771963562e+03  3.731398610e+05  2.992060468e+02  4.341507976e+05
9.320000000e+00  3.689479593e+05  -3.124195562e+03  3.720721549e+05  2.983498957e+02  4.390537603e+05
9.360000000e+00  3.686361676e+05  -4.727963386e+03  3.733641310e+05  2.993858800e+02  4.266695873e+05
9.400000000e+00  3.688165145e+05  -6.189244860e+03  3.750057594e+05  3.007022367e+02  4.140669739e+05
9.440000000e+00  3.689809401e+05  -6.683382946e+03  3.756643231e+05  3.012303128e+02  4.077171429e+05
9.480000000e+00  3.690441327e+05  -6.686439010e+03  3.757305717e+05  3.012834349e+02  4.051592000e+05
9.520000000e+00  3.690587141e+05  -6.541489063e+03  3.756002032e+05  3.011788976e+02  4.042371242e+05
9.560000000e+00  3.690561309e+05  -6.384490527e+03  3.754406214e+05  3.010509353e+02  4.039494868e+05
9.600000000e+00  3.690495104e+05  -6.256855623e+03  3.753063660e+05  3.009432813e+02  4.039135895e+05
9.640000000e+00  3.690449238e+05  -6.157904352e+03  3.752028282e+05  3.008602584e+02  4.040632626e+05
9.680000000e+00  3.690467582e+05  -6.064005393e+03  3.751107636e+05  3.007864354e+02  4.045251920e+05
9.720000000e+00  3.690592171e+05  -5.929707558e+03  3.749889247e+05  3.006887376e+02  4.055707250e+05
9.760000000e+00  3.690832801e+05  -5.696087492e+03  3.747793676e+05  3.005207021e+02  4.075015419e+05
9.800000000e+00  3.691060116e+05  -5.336244776e+03  3.744422564e+05  3.002503860e+02  4.102687930e+05
9.840000000e+00  3.690941095e+05  -4.954146973e+03  3.740482565e+05  2.999344531e+02  4.128185008e+05
9.880000000e+00  3.690341980e+05  -4.786872940e+03  3.738210709e+05  2.997522820e+02  4.132782309e+05
9.920000000e+00  3.689787061e+05  -4.934008154e+03  3.739127143e+05  2.998257672e+02  4.110044256e+05
9.960000000e+00  3.689709265e+05  -5.214787065e+03  3.741857135e+05  3.000446745e+02  4.075073602e+05
1.000000000e+01  3.689887766e+05  -5.442894655e+03  3.744316713e+05  3.002418982e+02  4.044636094e+05
1.004000000e+01  3.690031021e+05  -5.587612880e+03  3.745907149e+05  3.003694290e+02  4.024747500e+05
1.008000000e+01  3.690050866e+05  -5.699653501e+03  3.747047401e+05  3.004608613e+02  4.015201415e+05
1.012000000e+01  3.690043297e+05  -5.817079234e+03  3.748214089e+05  3.005544134e+02  4.016628700e+05
1.016000000e+01  3.690314032e+05  -5.871498008e+03  3.749029012e+05  3.006197588e+02  4.037142047e+05
1.020000000e+01  3.691669790e+05  -5.503119515e+03  3.746700985e+05  3.004330836e+02  4.103690860e+05
1.024000000e+01  3.694837054e+05  -3.871404303e+03  3.733551097e+05  2.993786463e+02  4.266741624e+05
1.028000000e+01  3.693843548e+05  -1.460728965e+03  3.708450837e+05  2.973659560e+02  4.468357929e+05
1.032000000e+01  3.687208438e+05  -1.904141487e+03  3.706249853e+05  2.971894678e+02  4.456350322e+05
1.036000000e+01  3.690189104e+05  -2.769954742e+03  3.717888652e+05  2.981227369e+02  4.401754912e+05
1.040000000e+01  3.691406028e+05  -2.108099104e+03  3.712487019e+05  2.976896014e+02  4.422495899e+05
1.044000000e+01  3.687701826e+05  -2.704403575e+03  3.714745861e+05  2.978707290e+02  4.336226062e+05
1.048000000e+01  3.688071003e+05  -4.040303989e+03  3.728474043e+05  2.989715374e+02  4.191635634e+05
1.052000000e+01  3.689877470e+05  -4.558205076e+03  3.735459521e+05  2.995316752e+02  4.101367069e+05
1.056000000e+01  3.690713004e+05  -4.463944096e+03  3.735352445e+05  2.995230891e+02  4.059798248e+05
1.060000000e+01  3.690906772e+05  -4.171389572e+03  3.732620667e+05  2.993040388e+02  4.041935924e+05
1.064000000e+01  3.690860512e+05  -3.866339901e+03  3.729523911e+05  2.990557221e+02  4.034333116e+05
1.068000000e+01  3.690740691e+05  -3.610754501e+03  3.726848236e+05  2.988411704e+02  4.031073664e+05
1.072000000e+01  3.690602506e+05  -3.421824865e+03  3.724820754e+05  2.986785947e+02  4.029553753e+05
1.076000000e+01  3.690460367e+05  -3.303397578e+03  3.723494342e+05  2.985722350e+02  4.028606224e+05
1.080000000e+01  3.690299400e+05  -3.304225151e+03  3.723341652e+05  2.985599913e+02  4.028499901e+05
1.084000000e+01  3.690164157e+05  -3.383343760e+03  3.723997594e+05  2.986125887e+02  4.028434206e+05
1.088000000e+01  3.690056377e+05  -3.523463382e+03  3.725291010e+05  2.987163026e+02  4.029763094e+05
1.092000000e+01  3.690077562e+05  -3.684688415e+03  3.726924447e+05  2.988472814e+02  4.036982266e+05
1.096000000e+01  3.690555828e+05  -3.715089092e+03  3.727706719e+05  2.989100087e+02  4.062505097e+05
1.100000000e+01  3.692204032e+05  -3.177188456e+03  3.723975916e+05  2.986108505e+02  4.135588439e+05
1.104000000e+01  3.694435982e+05  -1.507591393e+03  3.709511896e+05  2.974510381e+02  4.282815476e+05
1.108000000e+01  3.690802375e+05  -2.299435112e+02  3.693101810e+05  2.961351784e+02  4.379371058e+05
1.112000000e+01  3.685967012e+05  -1.780622106e+03  3.703773233e+05  2.969908775e+02  4.264800790e+05
1.116000000e+01  3.687844863e+05  -3.521210066e+03  3.723056963e+05  2.985371633e+02  4.128044481e+05
1.120000000e+01  3.689824087e+05  -4.053911715e+03  3.730363204e+05  2.991230217e+02  4.080781647e+05
1.124000000e+01  3.689835016e+05  -4.153703352e+03  3.731372049e+05  2.992039170e+02  4.081922272e+05
1.128000000e+01  3.689989718e+05  -4.205372158e+03  3.732043439e+05  2.992577531e+02  4.084673330e+05
1.132000000e+01  3.690202370e+05  -4.158417762e+03  3.731786548e+05  2.992371540e+02  4.092901210e+05
1.136000000e+01  3.690315707e+05  -4.027466808e+03  3.730590375e+05  2.991412376e+02  4.105089699e+05
1.140000000e+01  3.690169354e+05  -3.916588152e+03  3.729335236e+05  2.990405930e+02  4.113276697e+05
1.144000000e+01  3.689832146e+05  -3.945983762e+03  3.729291984e+05  2.990371248e+02  4.109179899e+05
1.148000000e+01  3.689561349e+05  -4.133742184e+03  3.730898771e+05  2.991659667e+02  4.092989927e+05
1.152000000e+01  3.689486202e+05  -4.396923140e+03  3.733455434e+05  2.993709754e+02  4.073097008e+05
1.156000000e+01  3.689530520e+05  -4.656930644e+03  3.736099826e+05  2.995830187e+02  4.058454136e+05
1.160000000e+01  3.689658409e+05  -4.871559251e+03  3.738374002e+05  2.997653758e+02  4.056095222e+05
1.164000000e+01  3.690134211e+05  -4.935959269e+03  3.739493803e+05  2.998551683e+02  4.077621582e+05
1.168000000e+01  3.692004695e+05  -4.399030407e+03  3.735994999e+05  2.995746131e+02  4.156738535e+05
1.172000000e+01  3.696728898e+05  -2.038020280e+03  3.717109101e+05  2.980602278e+02  4.367140265e+05
1.176000000e+01  3.694272983e+05  1.355339660e+03  3.680719587e+05  2.951422971e+02  4.616881125e+05
1.180000000e+01  3.682653239e+05  -5.258748995e+02  3.687911988e+05  2.957190272e+02  4.478672104e+05
1.184000000e+01  3.685699606e+05  -3.533124918e+03  3.721030855e+05  2.983746977e+02  4.252849981e+05
1.188000000e+01  3.688830113e+05  -4.613341820e+03  3.734963531e+05  2.994919037e+02  4.150740056e+05
1.192000000e+01  3.690100555e+05  -4.788301411e+03  3.737983569e+05  2.997340685e+02  4.119573952e+05
1.196000000e+01  3.691099034e+05  -4.445442246e+03  3.735553457e+05  2.995392075e+02  4.135553733e+05
1.200000000e+01  3.691829730e+05  -3.650309074e+03  3.728332820e+05  2.989602133e+02  4.187547407e+05
1.204000000e+01  3.690922405e+05  -2.936170719e+03  3.720284112e+05  2.983148193e+02  4.229054923e+05
1.208000000e+01  3.688915504e+05  -3.122251797e+03  3.720138022e+05  2.983031049e+02  4.200347740e+05
1.212000000e+01  3.688534698e+05  -3.871118084e+03  3.727245879e+05  2.988730558e+02  4.127463636e+05
1.216000000e+01  3.689261074e+05  -4.402028809e+03  3.733281362e+05  2.993570173e+02  4.068039370e+05
1.220000000e+01  3.689807715e+05  -4.600679167e+03  3.735814507e+05  2.995601401e+02  4.034917198e+05
1.224000000e+01  3.689985757e+05  -4.645021263e+03  3.736435970e+05  2.996099727e+02  4.019094987e+05
1.228000000e+01  3.689962049e+05  -4.668708804e+03  3.736649138e+05  2.996270658e+02  4.012203108e+05
1.232000000e+01  3.689855343e+05  -4.733358545e+03  3.737188929e+05  2.996703495e+02  4.009937248e+05
1.236000000e+01  3.689734129e+05  -4.858015193e+03  3.738314281e+05  2.997605871e+02  4.011017382e+05
1.240000000e+01  3.689657769e+05  -5.032314661e+03  3.739980916e+05  2.998942278e+02  4.016630984e+05
1.244000000e+01  3.689738676e+05  -5.202998707e+03  3.741768663e+05  3.000375802e+02  4.031375098e+05
1.248000000e+01  3.690246936e+05  -5.217019798e+03  3.742417134e+05  3.000895785e+02  4.066532299e+05
1.252000000e+01  3.691594682e+05  -4.729878867e+03  3.738893471e+05  2.998070300e+02  4.144011745e+05
1.256000000e+01  3.693111507e+05  -3.419089758e+03  3.727302404e+05  2.988775884e+02  4.275601299e+05
1.260000000e+01  3.690457042e+05  -2.447515167e+03  3.714932194e+05  2.978856703e+02  4.364908451e+05
1.264000000e+01  3.686364822e+05  -3.644040128e+03  3.722805223e+05  2.985169773e+02  4.288603122e+05
1.268000000e+01  3.687075924e+05  -5.382277027e+03  3.740898694e+05  2.999678209e+02  4.165451040e+05
1.272000000e+01  3.688662543e+05  -6.342966032e+03  3.752092204e+05  3.008653840e+02  4.092437987e+05
1.276000000e+01  3.689501366e+05  -6.746148587e+03  3.756962852e+05  3.012559420e+02  4.063421215e+05
1.280000000e+01  3.689998206e+05  -6.853703691e+03  3.758535243e+05  3.013820257e+02  4.063739845e+05
1.284000000e+01  3.690418250e+05  -6.738699512e+03  3.757805245e+05  3.013234901e+02  4.086865212e+05
1.288000000e+01  3.690587847e+05  -6.474952483e+03  3.755337372e+05  3.011256012e+02  4.123259439e+05
1.292000000e+01  3.690119758e+05  -6.312258011e+03  3.753242338e+05  3.009576087e+02  4.150618974e+05
1.296000000e+01  3.689273973e+05  -6.530633142e+03  3.754580305e+05  3.010648949e+02  4.147257745e+05
1.300000000e+01  3.688892056e+05  -7.055395840e+03  3.759446015e+05  3.014550569e+02  4.119528800e+05
1.304000000e+01  3.689054822e+05  -7.592653645e+03  3.764981358e+05  3.018989141e+02  4.092147015e+05
1.308000000e+01  3.689465344e+05  -7.993239162e+03  3.769397736e+05  3.022530459e+02  4.082435831e+05
1.312000000e+01  3.689982652e+05  -8.159419757e+03  3.771576850e+05  3.024277804e+02  4.098661751e+05
1.316000000e+01  3.690966962e+05  -7.949694563e+03  3.770463908e+05  3.023385380e+02  4.153364449e+05
1.320000000e+01  3.693474366e+05  -6.829814415e+03  3.761772510e+05  3.016416093e+02  4.282601004e+05
1.324000000e+01  3.696787064e+05  -4.020154743e+03  3.736988611e+05  2.996542868e+02  4.527451082e+05
1.328000000e+01  3.694153244e+05  -1.256804706e+03  3.706721291e+05  2.972272705e+02  4.752955461e+05
1.332000000e+01  3.694758088e+05  8.951200726e+02  3.685806887e+05  2.955502275e+02  4.909446870e+05
1.336000000e+01  3.682536930e+05  1.529393424e+01  3.682383991e+05  2.952757590e+02  4.801437186e+05
1.340000000e+01  3.682925187e+05  -4.414503710e+03  3.727070224e+05  2.988589707e+02  4.435490203e+05
1.344000000e+01  3.688578925e+05  -6.089627729e+03  3.749475202e+05  3.006555370e+02  4.240823339e+05
1.348000000e+01  3.690434274e+05  -6.178416897e+03  3.752218443e+05  3.008755066e+02  4.157363317e+05
1.352000000e+01  3.690729161e+05  -5.897482448e+03  3.749703986e+05  3.006738823e+02  4.110635428e+05
1.356000000e+01  3.690707909e+05  -5.593947169e+03  3.746647381e+05  3.004287853e+02  4.076405727e+05
1.360000000e+01  3.690707632e+05  -5.298143346e+03  3.743689065e+05  3.001915697e+02  4.051002262e+05
1.364000000e+01  3.690717626e+05  -4.997348823e+03  3.740691115e+05  2.999511759e+02  4.034102687e+05
1.368000000e+01  3.690695853e+05  -4.700581913e+03  3.737701672e+05  2.997114644e+02  4.024135997e+05
1.372000000e+01  3.690638164e+05  -4.426160347e+03  3.734899767e+05  2.994867907e+02  4.018918104e+05
1.376000000e+01  3.690558074e+05  -4.188094169e+03  3.732439016e+05  2.992894729e+02  4.016577024e+05
1.380000000e+01  3.690469172e+05  -3.993237980e+03  3.730401552e+05  2.991260967e+02  4.015823063e+05
1.384000000e+01  3.690380507e+05  -3.843032830e+03  3.728810835e+05  2.989985434e+02  4.015881846e+05
1.388000000e+01  3.690297634e+05  -3.735553661e+03  3.727653171e+05  2.989057149e+02  4.016364232e+05
1.392000000e+01  3.690224816e+05  -3.666579635e+03  3.726890613e+05  2.988445684e+02  4.017171414e+05
1.396000000e+01  3.690166843e+05  -3.629654506e+03  3.726463388e+05  2.988103110e+02  4.018447092e+05
1.400000000e+01  3.690130034e+05  -3.615472743e+03  3.726284761e+05  2.987959876e+02  4.020555482e+05
1.404000000e+01  3.690121668e+05  -3.611206995e+03  3.726233738e+05  2.987918962e+02  4.024039685e+05
1.408000000e+01  3.690145745e+05  -3.601401930e+03  3.726159764e+05  2.987859646e+02  4.029470224e+05
1.412000000e+01  3.690198733e+05  -3.570124703e+03  3.725899980e+05  2.987651335e+02  4.037129582e+05
1.416000000e+01  3.690256172e+05  -3.509653211e+03  3.725352704e+05  2.987212496e+02  4.046407364e+05
1.420000000e+01  3.690280090e+05  -3.429281751e+03  3.724572908e+05  2.986587208e+02  4.055317032e+05
1.424000000e+01  3.690247934e+05  -3.354168337e+03  3.723789617e+05  2.985959119e+02  4.060909434e+05
1.428000000e+01  3.690186648e+05  -3.306222534e+03  3.723248874e+05  2.985525518e+02  4.061020098e+05
1.432000000e+01  3.690154001e+05  -3.282231929e+03  3.722976320e+05  2.985306968e+02  4.056003841e+05
1.436000000e+01  3.690178372e+05  -3.257020565e+03  3.722748578e+05  2.985124351e+02  4.048423410e+05
1.440000000e+01  3.690238272e+05  -3.207164912e+03  3.722309921e+05  2.984772609e+02  4.041089515e+05
1.444000000e+01  3.690295439e+05  -3.126827270e+03  3.721563712e+05  2.984174254e+02  4.035609911e+05
1.448000000e+01  3.690325714e+05  -3.025641966e+03  3.720582134e+05  2.983387165e+02  4.032288372e+05
1.452000000e+01  3.690323562e+05  -2.919370920e+03  3.719517271e+05  2.982533294e+02  4.030689274e+05
1.456000000e+01  3.690293640e+05  -2.823015920e+03  3.718523799e+05  2.981736669e+02  4.030157732e+05
1.460000000e+01  3.690242809e+05  -2.748326882e+03  3.717726078e+05  2.981097008e+02  4.030089514e+05
1.464000000e+01  3.690164785e+05  -2.707731643e+03  3.717242101e+05  2.980708926e+02  4.029925613e+05
1.468000000e+01  3.690087271e+05  -2.705949178e+03  3.717146763e+05  2.980632478e+02  4.029397238e+05
1.472000000e+01  3.689993745e+05  -2.747736250e+03  3.717471107e+05  2.980892556e+02  4.028280253e+05
1.476000000e+01  3.689880226e+05  -2.842268249e+03  3.718302909e+05  2.981559545e+02  4.026371871e+05
1.480000000e+01  3.689742807e+05  -3.000818896e+03  3.719750995e+05  2.982720708e+02  4.023557803e+05
1.484000000e+01  3.689582744e+05  -3.235311194e+03  3.721935856e+05  2.984472661e+02  4.019941378e+05
1.488000000e+01  3.689416572e+05  -3.552844167e+03  3.724945014e+05  2.986885586e+02  4.016158291e+05
1.492000000e+01  3.689289745e+05  -3.943822765e+03  3.728727972e+05  2.989918990e+02  4.013912800e+05
1.496000000e+01  3.689275425e+05  -4.366517334e+03  3.732940599e+05  2.993296928e+02  4.016377445e+05
1.500000000e+01  3.689408666e+05  -4.749748597e+03  3.736906152e+05  2.996476748e+02  4.026996896e+05
