4.000000000e-02  3.748978542e+05  -7.713100120e+01  3.749749852e+05  3.006775601e+02  4.148741580e+05
8.000000000e-02  3.748978399e+05  -7.804746403e+01  3.749758873e+05  3.006782835e+02  4.148721299e+05
1.200000000e-01  3.748978248e+05  -7.911092775e+01  3.749769357e+05  3.006791241e+02  4.148697764e+05
1.600000000e-01  3.748978088e+05  -8.032982072e+01  3.749781386e+05  3.006800887e+02  4.148670791e+05
2.000000000e-01  3.748977918e+05  -8.171408815e+01  3.749795059e+05  3.006811850e+02  4.148640159e+05
2.400000000e-01  3.748977735e+05  -8.327535084e+01  3.749810488e+05  3.006824223e+02  4.148605612e+05
2.800000000e-01  3.748977537e+05  -8.502710353e+01  3.749827808e+05  3.006838111e+02  4.148566850e+05
3.200000000e-01  3.748977323e+05  -8.698495864e+01  3.749847173e+05  3.006853639e+02  4.148523529e+05
3.600000000e-01  3.748977090e+05  -8.916694347e+01  3.749868759e+05  3.006870948e+02  4.148475250e+05
4.000000000e-01  3.748976834e+05  -9.159386128e+01  3.749892773e+05  3.006890204e+02  4.148421554e+05
4.400000000e-01  3.748976553e+05  -9.428973016e+01  3.749919450e+05  3.006911595e+02  4.148361911e+05
4.800000000e-01  3.748976242e+05  -9.728231675e+01  3.749949065e+05  3.006935342e+02  4.148295706e+05
5.200000000e-01  3.748975897e+05  -1.006037872e+02  3.749981935e+05  3.006961699e+02  4.148222229e+05
5.600000000e-01  3.748975511e+05  -1.042915021e+02  3.750018426e+05  3.006990960e+02  4.148140656e+05
6.000000000e-01  3.748975079e+05  -1.083889902e+02  3.750058969e+05  3.007023470e+02  4.148050027e+05
6.400000000e-01  3.748974592e+05  -1.129471405e+02  3.750104064e+05  3.007059629e+02  4.147949218e+05
6.800000000e-01  3.748974041e+05  -1.180256627e+02  3.750154298e+05  3.007099910e+02  4.147836915e+05
7.200000000e-01  3.748973414e+05  -1.236948744e+02  3.750210363e+05  3.007144866e+02  4.147711567e+05
7.600000000e-01  3.748972697e+05  -1.300378810e+02  3.750273076e+05  3.007195153e+02  4.147571346e+05
8.000000000e-01  3.748971873e+05  -1.371532253e+02  3.750343405e+05  3.007251548e+02  4.147414086e+05
8.400000000e-01  3.748970923e+05  -1.451580893e+02  3.750422503e+05  3.007314974e+02  4.147237212e+05
8.800000000e-01  3.748969821e+05  -1.541921374e+02  3.750511742e+05  3.007386530e+02  4.147037664e+05
9.200000000e-01  3.748968538e+05  -1.644220865e+02  3.750612758e+05  3.007467531e+02  4.146811793e+05
9.600000000e-01  3.748967039e+05  -1.760470826e+02  3.750727509e+05  3.007559546e+02  4.146555250e+05
1.000000000e+00  3.748965282e+05  -1.893049394e+02  3.750858331e+05  3.007664446e+02  4.146262861e+05
1.040000000e+00  3.748963217e+05  -2.044792585e+02  3.751008010e+05  3.007784468e+02  4.145928472e+05
1.080000000e+00  3.748960788e+05  -2.219074016e+02  3.751179862e+05  3.007922269e+02  4.145544800e+05
1.120000000e+00  3.748957927e+05  -2.419892273e+02  3.751377819e+05  3.008081003e+02  4.145103255e+05
1.160000000e+00  3.748954558e+05  -2.651964835e+02  3.751606523e+05  3.008264392e+02  4.144593771e+05
1.200000000e+00  3.748950594e+05  -2.920828296e+02  3.751871422e+05  3.008476804e+02  4.144004628e+05
1.240000000e+00  3.748945936e+05  -3.232947999e+02  3.752178884e+05  3.008723345e+02  4.143322261e+05
1.280000000e+00  3.748940471e+05  -3.595848616e+02  3.752536320e+05  3.009009959e+02  4.142531053e+05
1.320000000e+00  3.748934066e+05  -4.018294256e+02  3.752952360e+05  3.009343565e+02  4.141613025e+05
1.360000000e+00  3.748926547e+05  -4.510576857e+02  3.753437124e+05  3.009732278e+02  4.140547334e+05
1.400000000e+00  3.748917679e+05  -5.085018992e+02  3.754002698e+05  3.010185789e+02  4.139309379e+05
1.440000000e+00  3.748907111e+05  -5.756863240e+02  3.754663974e+05  3.010716041e+02  4.137869255e+05
1.480000000e+00  3.748894302e+05  -6.545800728e+02  3.755440103e+05  3.011338387e+02  4.136189272e+05
1.520000000e+00  3.748878401e+05  -7.478474356e+02  3.756356876e+05  3.012073511e+02  4.134220379e+05
1.560000000e+00  3.748858096e+05  -8.592355818e+02  3.757450452e+05  3.012950407e+02  4.131897794e+05
1.600000000e+00  3.748831414e+05  -9.941401177e+02  3.758772816e+05  3.014010757e+02  4.129137445e+05
1.640000000e+00  3.748795524e+05  -1.160373569e+03  3.760399260e+05  3.015314938e+02  4.125837949e+05
1.680000000e+00  3.748746638e+05  -1.369095869e+03  3.762437596e+05  3.016949400e+02  4.121901355e+05
1.720000000e+00  3.748680425e+05  -1.635626982e+03  3.765036695e+05  3.019033514e+02  4.117309051e+05
1.760000000e+00  3.748594343e+05  -1.979022666e+03  3.768384570e+05  3.021718042e+02  4.112356983e+05
1.800000000e+00  3.748496824e+05  -2.416353924e+03  3.772660364e+05  3.025146631e+02  4.108360559e+05
1.840000000e+00  3.748440755e+05  -2.937262316e+03  3.777813378e+05  3.029278629e+02  4.109792015e+05
1.880000000e+00  3.748638886e+05  -3.408913232e+03  3.782728018e+05  3.033219484e+02  4.130828512e+05
1.920000000e+00  3.749774586e+05  -3.269218751e+03  3.782466774e+05  3.033010002e+02  4.213680613e+05
1.960000000e+00  3.752809849e+05  -1.011416410e+03  3.762924013e+05  3.017339438e+02  4.451724800e+05
2.000000000e+00  3.753180099e+05  3.601838368e+03  3.717161716e+05  2.980644468e+02  4.827096435e+05
2.040000000e+00  3.745195762e+05  3.404319259e+03  3.711152569e+05  2.975825972e+02  4.836685558e+05
2.080000000e+00  3.744255737e+05  -1.908132842e+03  3.763337065e+05  3.017670648e+02  4.462016118e+05
2.120000000e+00  3.747622706e+05  -4.794972668e+03  3.795572433e+05  3.043518910e+02  4.233055425e+05
2.160000000e+00  3.749673163e+05  -4.973438728e+03  3.799407550e+05  3.046594138e+02  4.203750147e+05
2.200000000e+00  3.750837137e+05  -3.571274916e+03  3.786549886e+05  3.036284088e+02  4.299482293e+05
2.240000000e+00  3.749377115e+05  -2.270139567e+03  3.772078511e+05  3.024680066e+02  4.390205937e+05
2.280000000e+00  3.747158595e+05  -3.343166271e+03  3.780590257e+05  3.031505298e+02  4.314485987e+05
2.320000000e+00  3.747643098e+05  -5.064448913e+03  3.798287587e+05  3.045696084e+02  4.187945684e+05
2.360000000e+00  3.748433275e+05  -5.940783582e+03  3.807841111e+05  3.053356676e+02  4.121898640e+05
2.400000000e+00  3.748739261e+05  -6.293968339e+03  3.811678944e+05  3.056434083e+02  4.103590098e+05
2.440000000e+00  3.748837446e+05  -6.476770932e+03  3.813605156e+05  3.057978635e+02  4.110301745e+05
2.480000000e+00  3.748978140e+05  -6.555936192e+03  3.814537502e+05  3.058726246e+02  4.135177017e+05
2.520000000e+00  3.749304302e+05  -6.399286454e+03  3.813297167e+05  3.057731671e+02  4.182649227e+05
2.560000000e+00  3.749519167e+05  -5.922577146e+03  3.808744938e+05  3.054081420e+02  4.250576487e+05
2.600000000e+00  3.748791047e+05  -5.705141298e+03  3.805842460e+05  3.051754038e+02  4.291415037e+05
2.640000000e+00  3.747929852e+05  -6.454167110e+03  3.812471523e+05  3.057069620e+02  4.254870308e+05
2.680000000e+00  3.748225751e+05  -7.440316820e+03  3.822628919e+05  3.065214433e+02  4.194148697e+05
2.720000000e+00  3.748900545e+05  -7.836315758e+03  3.827263702e+05  3.068930881e+02  4.172967228e+05
2.760000000e+00  3.749281081e+05  -7.693201927e+03  3.826213100e+05  3.068088445e+02  4.192746896e+05
2.800000000e+00  3.749347922e+05  -7.356940084e+03  3.822917323e+05  3.065445692e+02  4.228893542e+05
2.840000000e+00  3.749339089e+05  -7.008400874e+03  3.819423098e+05  3.062643812e+02  4.264367448e+05
2.880000000e+00  3.749093833e+05  -6.769797333e+03  3.816791806e+05  3.060533884e+02  4.285872947e+05
2.920000000e+00  3.748711444e+05  -6.912136123e+03  3.817832805e+05  3.061368619e+02  4.274077904e+05
2.960000000e+00  3.749036099e+05  -7.095763789e+03  3.819993736e+05  3.063101384e+02  4.254141135e+05
3.000000000e+00  3.749666329e+05  -6.692730178e+03  3.816593631e+05  3.060374975e+02  4.270669464e+05
3.040000000e+00  3.749433879e+05  -6.076081415e+03  3.810194693e+05  3.055243921e+02  4.299203846e+05
3.080000000e+00  3.748893646e+05  -5.998408891e+03  3.808877735e+05  3.054187904e+02  4.289008550e+05
3.120000000e+00  3.749196965e+05  -6.003944042e+03  3.809236406e+05  3.054475508e+02  4.270100366e+05
3.160000000e+00  3.749406947e+05  -5.634625294e+03  3.805753200e+05  3.051682463e+02  4.273139121e+05
3.200000000e+00  3.748813970e+05  -5.518339004e+03  3.803997360e+05  3.050274525e+02  4.256317179e+05
3.240000000e+00  3.748422831e+05  -5.979633554e+03  3.808219167e+05  3.053659824e+02  4.199076539e+05
3.280000000e+00  3.748636853e+05  -6.466327938e+03  3.813300133e+05  3.057734049e+02  4.142155986e+05
3.320000000e+00  3.748954921e+05  -6.642171658e+03  3.815376638e+05  3.059399116e+02  4.113461122e+05
3.360000000e+00  3.749178533e+05  -6.548449047e+03  3.814663023e+05  3.058826897e+02  4.113310065e+05
3.400000000e+00  3.749363663e+05  -6.258777085e+03  3.811951433e+05  3.056652581e+02  4.136540449e+05
3.440000000e+00  3.749574209e+05  -5.773376453e+03  3.807307974e+05  3.052929174e+02  4.180381658e+05
3.480000000e+00  3.749755960e+05  -5.082382949e+03  3.800579789e+05  3.047534111e+02  4.240452730e+05
3.520000000e+00  3.749617047e+05  -4.355199658e+03  3.793169043e+05  3.041591728e+02  4.298601563e+05
3.560000000e+00  3.748952806e+05  -4.068498586e+03  3.789637792e+05  3.038760157e+02  4.317260601e+05
3.600000000e+00  3.748370990e+05  -4.474385359e+03  3.793114844e+05  3.041548267e+02  4.278664848e+05
3.640000000e+00  3.748377214e+05  -5.138117408e+03  3.799758388e+05  3.046875462e+02  4.216644409e+05
3.680000000e+00  3.748697856e+05  -5.592450498e+03  3.804622361e+05  3.050775688e+02  4.171128625e+05
3.720000000e+00  3.749279845e+05  -5.610425839e+03  3.805384104e+05  3.051386500e+02  4.165840462e+05
3.760000000e+00  3.750889535e+05  -4.596392548e+03  3.796853460e+05  3.044546115e+02  4.243464365e+05
3.800000000e+00  3.753243152e+05  -1.326503576e+03  3.766508188e+05  3.020213445e+02  4.470346016e+05
3.840000000e+00  3.748201271e+05  7.730599709e+02  3.740470671e+05  2.999334994e+02  4.595034980e+05
3.880000000e+00  3.745866524e+05  -2.298649112e+03  3.768853015e+05  3.022093669e+02  4.350262434e+05
3.920000000e+00  3.748255226e+05  -4.107100205e+03  3.789326228e+05  3.038510326e+02  4.170918811e+05
3.960000000e+00  3.749213801e+05  -4.220902432e+03  3.791422825e+05  3.040191505e+02  4.111144245e+05
4.000000000e+00  3.749384552e+05  -3.872331261e+03  3.788107865e+05  3.037533369e+02  4.095717401e+05
4.040000000e+00  3.749355706e+05  -3.484079213e+03  3.784196499e+05  3.034397000e+02  4.093554138e+05
4.080000000e+00  3.749276589e+05  -3.162339578e+03  3.780899985e+05  3.031753656e+02  4.094881769e+05
4.120000000e+00  3.749217907e+05  -2.919097241e+03  3.778408879e+05  3.029756138e+02  4.096744858e+05
4.160000000e+00  3.749169461e+05  -2.729029529e+03  3.776459756e+05  3.028193213e+02  4.098630647e+05
4.200000000e+00  3.749128437e+05  -2.583158262e+03  3.774960020e+05  3.026990634e+02  4.100270194e+05
4.240000000e+00  3.749095988e+05  -2.472931123e+03  3.773825299e+05  3.026080746e+02  4.101624396e+05
4.280000000e+00  3.749068328e+05  -2.392437858e+03  3.772992706e+05  3.025413123e+02  4.102701064e+05
4.320000000e+00  3.749043880e+05  -2.337773221e+03  3.772421612e+05  3.024955186e+02  4.103522297e+05
4.360000000e+00  3.749021563e+05  -2.306318869e+03  3.772084752e+05  3.024685071e+02  4.104121098e+05
4.400000000e+00  3.749000505e+05  -2.296455287e+03  3.771965058e+05  3.024589093e+02  4.104543947e+05
4.440000000e+00  3.748980188e+05  -2.307234913e+03  3.772052537e+05  3.024659239e+02  4.104865568e+05
4.480000000e+00  3.748960558e+05  -2.338001822e+03  3.772340576e+05  3.024890206e+02  4.105217256e+05
4.520000000e+00  3.748942455e+05  -2.387728806e+03  3.772819743e+05  3.025274431e+02  4.105841339e+05
4.560000000e+00  3.748877974e+05  -2.467141634e+03  3.773549391e+05  3.025859506e+02  4.107018735e+05
4.600000000e+00  3.748865753e+05  -2.590483904e+03  3.774770592e+05  3.026838740e+02  4.109445072e+05
4.640000000e+00  3.748879232e+05  -2.714072747e+03  3.776019959e+05  3.027840557e+02  4.115195027e+05
4.680000000e+00  3.748947514e+05  -2.797953284e+03  3.776927047e+05  3.028567915e+02  4.127400129e+05
4.720000000e+00  3.749110034e+05  -2.766299664e+03  3.776773031e+05  3.028444416e+02  4.151044169e+05
4.760000000e+00  3.749359768e+05  -2.520670111e+03  3.774566469e+05  3.026675062e+02  4.191151262e+05
4.800000000e+00  3.749484082e+05  -2.067257707e+03  3.770156659e+05  3.023139010e+02  4.243427615e+05
4.840000000e+00  3.749128710e+05  -1.737313680e+03  3.766501847e+05  3.020208361e+02  4.280661494e+05
4.880000000e+00  3.748565126e+05  -1.938237586e+03  3.767947501e+05  3.021367574e+02  4.272639618e+05
4.920000000e+00  3.748461336e+05  -2.479249050e+03  3.773253827e+05  3.025622505e+02  4.232956618e+05
4.960000000e+00  3.748722644e+05  -2.887435454e+03  3.777596998e+05  3.029105122e+02  4.197169759e+05
5.000000000e+00  3.748983095e+05  -3.011106355e+03  3.779094159e+05  3.030305636e+02  4.179385942e+05
5.040000000e+00  3.749112955e+05  -2.941124502e+03  3.778524200e+05  3.029848609e+02  4.175038377e+05
5.080000000e+00  3.749121004e+05  -2.810043530e+03  3.777221440e+05  3.028803977e+02  4.174757643e+05
5.120000000e+00  3.749063572e+05  -2.711903659e+03  3.776182609e+05  3.027970980e+02  4.171233950e+05
5.160000000e+00  3.749008738e+05  -2.674519928e+03  3.775753937e+05  3.027627245e+02  4.162113840e+05
5.200000000e+00  3.748993231e+05  -2.671485674e+03  3.775708088e+05  3.027590480e+02  4.149487323e+05
5.240000000e+00  3.749009936e+05  -2.664577869e+03  3.775655714e+05  3.027548484e+02  4.136781842e+05
5.280000000e+00  3.749035011e+05  -2.634471906e+03  3.775379730e+05  3.027327183e+02  4.126251035e+05
5.320000000e+00  3.749051883e+05  -2.582805048e+03  3.774879934e+05  3.026926416e+02  4.118523238e+05
5.360000000e+00  3.749055204e+05  -2.521434565e+03  3.774269550e+05  3.026436974e+02  4.113245068e+05
5.400000000e+00  3.749045810e+05  -2.463742435e+03  3.773683235e+05  3.025966831e+02  4.109736081e+05
5.440000000e+00  3.749026182e+05  -2.421116396e+03  3.773237346e+05  3.025609290e+02  4.107335738e+05
5.480000000e+00  3.748998333e+05  -2.402627226e+03  3.773024606e+05  3.025438702e+02  4.105522657e+05
5.520000000e+00  3.748963323e+05  -2.415851601e+03  3.773121839e+05  3.025516670e+02  4.103936525e+05
5.560000000e+00  3.748921609e+05  -2.467695502e+03  3.773598564e+05  3.025898937e+02  4.102391669e+05
5.600000000e+00  3.748874316e+05  -2.564419975e+03  3.774518516e+05  3.026636610e+02  4.100952644e+05
5.640000000e+00  3.748826794e+05  -2.709376885e+03  3.775920563e+05  3.027760855e+02  4.100185686e+05
5.680000000e+00  3.748798976e+05  -2.894112983e+03  3.777740106e+05  3.029219875e+02  4.101868663e+05
5.720000000e+00  3.748855863e+05  -3.070124092e+03  3.779557104e+05  3.030676854e+02  4.110895433e+05
5.760000000e+00  3.749175904e+05  -3.070484779e+03  3.779880751e+05  3.030936373e+02  4.139874009e+05
5.800000000e+00  3.750041053e+05  -2.481207636e+03  3.774853130e+05  3.026904923e+02  4.214975372e+05
5.840000000e+00  3.750764854e+05  -9.559369024e+02  3.760324223e+05  3.015254769e+02  4.349058688e+05
5.880000000e+00  3.748679791e+05  -1.308205327e+02  3.749987996e+05  3.006966559e+02  4.419638298e+05
5.920000000e+00  3.746981994e+05  -1.709233105e+03  3.764074325e+05  3.018261827e+02  4.310292399e+05
5.960000000e+00  3.747819510e+05  -3.369783331e+03  3.781517343e+05  3.032248691e+02  4.181948209e+05
6.000000000e+00  3.748565574e+05  -4.099920299e+03  3.789564777e+05  3.038701610e+02  4.117271993e+05
6.040000000e+00  3.748825588e+05  -4.365001023e+03  3.792475598e+05  3.041035681e+02  4.094097689e+05
6.080000000e+00  3.748915432e+05  -4.484253939e+03  3.793757972e+05  3.042063966e+02  4.092673444e+05
6.120000000e+00  3.749063093e+05  -4.497304736e+03  3.794036140e+05  3.042287018e+02  4.109432716e+05
6.160000000e+00  3.749394828e+05  -4.269043524e+03  3.792085263e+05  3.040722687e+02  4.150905645e+05
6.200000000e+00  3.749711576e+05  -3.678876257e+03  3.786500339e+05  3.036244358e+02  4.219422608e+05
6.240000000e+00  3.749229790e+05  -3.147513031e+03  3.780704921e+05  3.031597242e+02  4.278636224e+05
6.280000000e+00  3.748184657e+05  -3.526159774e+03  3.783446255e+05  3.033795409e+02  4.266895664e+05
6.320000000e+00  3.748046649e+05  -4.519241325e+03  3.793239062e+05  3.041647872e+02  4.205808619e+05
6.360000000e+00  3.748602213e+05  -5.199276341e+03  3.800594976e+05  3.047546289e+02  4.165113600e+05
6.400000000e+00  3.749342821e+05  -5.213736955e+03  3.801480190e+05  3.048256106e+02  4.176092944e+05
6.440000000e+00  3.750343105e+05  -4.353465914e+03  3.793877764e+05  3.042160023e+02  4.252967408e+05
6.480000000e+00  3.750863604e+05  -2.613274527e+03  3.776996350e+05  3.028623486e+02  4.385528598e+05
6.520000000e+00  3.748977186e+05  -1.643707734e+03  3.765414264e+05  3.019336271e+02  4.450024670e+05
6.560000000e+00  3.747615975e+05  -2.667573927e+03  3.774291715e+05  3.026454747e+02  4.360206736e+05
6.600000000e+00  3.748228541e+05  -3.795166599e+03  3.786180207e+05  3.035987657e+02  4.246409080e+05
6.640000000e+00  3.748846572e+05  -4.195534629e+03  3.790801918e+05  3.039693624e+02  4.176421724e+05
6.680000000e+00  3.749116696e+05  -4.173592263e+03  3.790852618e+05  3.039734278e+02  4.137947633e+05
6.720000000e+00  3.749215167e+05  -3.984845021e+03  3.789063617e+05  3.038299749e+02  4.116325203e+05
6.760000000e+00  3.749236895e+05  -3.742873747e+03  3.786665633e+05  3.036376900e+02  4.104323523e+05
6.800000000e+00  3.749215881e+05  -3.503671566e+03  3.784252597e+05  3.034441983e+02  4.098102328e+05
6.840000000e+00  3.749167539e+05  -3.301015051e+03  3.782177689e+05  3.032778197e+02  4.095305707e+05
6.880000000e+00  3.749102476e+05  -3.156443830e+03  3.780666915e+05  3.031566767e+02  4.094593564e+05
6.920000000e+00  3.749033510e+05  -3.080361891e+03  3.779837129e+05  3.030901394e+02  4.095729805e+05
6.960000000e+00  3.748992201e+05  -3.062504939e+03  3.779617251e+05  3.030725083e+02  4.100332869e+05
7.000000000e+00  3.749064374e+05  -3.036480080e+03  3.779429175e+05  3.030574272e+02  4.114131156e+05
7.040000000e+00  3.749461264e+05  -2.788829026e+03  3.777349555e+05  3.028906707e+02  4.152019220e+05
7.080000000e+00  3.750373972e+05  -1.866472622e+03  3.769038698e+05  3.022242561e+02  4.240576837e+05
7.120000000e+00  3.750564706e+05  -2.212358600e+02  3.752777064e+05  3.009203002e+02  4.370401350e+05
7.160000000e+00  3.748204959e+05  1.286734329e+02  3.746918224e+05  3.004505031e+02  4.395140617e+05
7.200000000e+00  3.747417404e+05  -1.384736982e+03  3.761264774e+05  3.016008960e+02  4.275556895e+05
7.240000000e+00  3.748341529e+05  -2.485981323e+03  3.773201343e+05  3.025580421e+02  4.172023076e+05
7.280000000e+00  3.748915096e+05  -2.780303049e+03  3.776718127e+05  3.028400390e+02  4.124727708e+05
7.320000000e+00  3.749070182e+05  -2.747305107e+03  3.776543233e+05  3.028260150e+02  4.107485595e+05
7.360000000e+00  3.749053981e+05  -2.665417459e+03  3.775708156e+05  3.027590535e+02  4.101744066e+05
7.400000000e+00  3.748983434e+05  -2.634174295e+03  3.775325177e+05  3.027283439e+02  4.099669695e+05
7.440000000e+00  3.748900918e+05  -2.681932145e+03  3.775720240e+05  3.027600224e+02  4.098507809e+05
7.480000000e+00  3.748826974e+05  -2.809178086e+03  3.776918755e+05  3.028561266e+02  4.097846227e+05
7.520000000e+00  3.748782098e+05  -2.996740710e+03  3.778749505e+05  3.030029272e+02  4.098755497e+05
7.560000000e+00  3.748785847e+05  -3.204306153e+03  3.780828909e+05  3.031696663e+02  4.103343469e+05
7.600000000e+00  3.748819910e+05  -3.385831262e+03  3.782678223e+05  3.033179555e+02  4.113249036e+05
7.640000000e+00  3.748841437e+05  -3.532467996e+03  3.784166117e+05  3.034372638e+02  4.126686182e+05
7.680000000e+00  3.748811986e+05  -3.689324985e+03  3.785705236e+05  3.035606797e+02  4.138330193e+05
7.720000000e+00  3.748931881e+05  -3.824680330e+03  3.787178684e+05  3.036788296e+02  4.150259067e+05
7.760000000e+00  3.749627590e+05  -3.570085718e+03  3.785328447e+05  3.035304664e+02  4.188534871e+05
7.800000000e+00  3.750880322e+05  -2.260183762e+03  3.773482159e+05  3.025805596e+02  4.294146192e+05
7.840000000e+00  3.750051498e+05  -5.300735910e+02  3.755352233e+05  3.011267928e+02  4.412702754e+05
7.880000000e+00  3.747365724e+05  -1.135063765e+03  3.758716361e+05  3.013965489e+02  4.355124335e+05
7.920000000e+00  3.747767334e+05  -2.765469256e+03  3.775422026e+05  3.027361099e+02  4.211893476e+05
7.960000000e+00  3.748751613e+05  -3.408770788e+03  3.782839321e+05  3.033308733e+02  4.131097199e+05
8.000000000e+00  3.749113738e+05  -3.405034402e+03  3.783164082e+05  3.033569146e+02  4.101665629e+05
8.040000000e+00  3.749158137e+05  -3.235633521e+03  3.781514472e+05  3.032246390e+02  4.093124975e+05
8.080000000e+00  3.749108361e+05  -3.082747689e+03  3.779935838e+05  3.030980545e+02  4.091310050e+05
8.120000000e+00  3.749041675e+05  -2.991938287e+03  3.778961058e+05  3.030198908e+02  4.091104725e+05
8.160000000e+00  3.748978499e+05  -2.966413646e+03  3.778642635e+05  3.029943577e+02  4.090859321e+05
8.200000000e+00  3.748922290e+05  -3.000241348e+03  3.778924703e+05  3.030169757e+02  4.090138161e+05
8.240000000e+00  3.748871291e+05  -3.087368359e+03  3.779744974e+05  3.030827499e+02  4.088932696e+05
8.280000000e+00  3.748824152e+05  -3.223389384e+03  3.781058046e+05  3.031880399e+02  4.087410427e+05
8.320000000e+00  3.748780843e+05  -3.404613825e+03  3.782826982e+05  3.033298839e+02  4.085881357e+05
8.360000000e+00  3.748743549e+05  -3.626278889e+03  3.785006338e+05  3.035046378e+02  4.084865869e+05
8.400000000e+00  3.748717956e+05  -3.879708890e+03  3.787515045e+05  3.037058010e+02  4.085246956e+05
8.440000000e+00  3.748715544e+05  -4.147651142e+03  3.790192055e+05  3.039204599e+02  4.088518938e+05
8.480000000e+00  3.748755971e+05  -4.397115541e+03  3.792727126e+05  3.041237371e+02  4.097112585e+05
8.520000000e+00  3.748864537e+05  -4.571758911e+03  3.794582126e+05  3.042724823e+02  4.114562453e+05
8.560000000e+00  3.749049090e+05  -4.596128020e+03  3.795010370e+05  3.043068214e+02  4.144608618e+05
8.600000000e+00  3.749238135e+05  -4.423766859e+03  3.793475803e+05  3.041837706e+02  4.187261042e+05
8.640000000e+00  3.749247971e+05  -4.144516256e+03  3.790693134e+05  3.039606394e+02  4.231597995e+05
8.680000000e+00  3.748988268e+05  -4.008866186e+03  3.789076930e+05  3.038310424e+02  4.255689035e+05
8.720000000e+00  3.748695664e+05  -4.178550382e+03  3.790481168e+05  3.039436427e+02  4.245653484e+05
8.760000000e+00  3.748619681e+05  -4.530963958e+03  3.793929321e+05  3.042201364e+02  4.210204156e+05
8.800000000e+00  3.748742285e+05  -4.840752397e+03  3.797149809e+05  3.044783745e+02  4.168038204e+05
8.840000000e+00  3.748933864e+05  -4.979355436e+03  3.798727418e+05  3.046048768e+02  4.132405806e+05
8.880000000e+00  3.749099220e+05  -4.934921401e+03  3.798448434e+05  3.045825061e+02  4.107919535e+05
8.920000000e+00  3.749204755e+05  -4.756442862e+03  3.796769184e+05  3.044478537e+02  4.093640895e+05
8.960000000e+00  3.749255769e+05  -4.502850919e+03  3.794284278e+05  3.042485990e+02  4.086692257e+05
9.000000000e+00  3.749269674e+05  -4.219521353e+03  3.791464887e+05  3.040225232e+02  4.084308398e+05
9.040000000e+00  3.749262303e+05  -3.934687338e+03  3.788609176e+05  3.037935351e+02  4.084488203e+05
9.080000000e+00  3.749244409e+05  -3.663448141e+03  3.785878891e+05  3.035746043e+02  4.085979057e+05
9.120000000e+00  3.749222255e+05  -3.412677619e+03  3.783349031e+05  3.033717449e+02  4.088071134e+05
9.160000000e+00  3.749199068e+05  -3.184731680e+03  3.781046385e+05  3.031871049e+02  4.090393358e+05
9.200000000e+00  3.749176282e+05  -2.979769895e+03  3.778973981e+05  3.030209270e+02  4.092762769e+05
9.240000000e+00  3.749154547e+05  -2.797044492e+03  3.777124992e+05  3.028726639e+02  4.095088555e+05
9.280000000e+00  3.749134040e+05  -2.635375581e+03  3.775487796e+05  3.027413837e+02  4.097321974e+05
9.320000000e+00  3.749114807e+05  -2.493514612e+03  3.774049953e+05  3.026260888e+02  4.099428556e+05
9.360000000e+00  3.749096999e+05  -2.370116145e+03  3.772798161e+05  3.025257125e+02  4.101381250e+05
9.400000000e+00  3.749080583e+05  -2.263763513e+03  3.771718219e+05  3.024391162e+02  4.103158902e+05
9.440000000e+00  3.749065502e+05  -2.173092618e+03  3.770796428e+05  3.023652015e+02  4.104744988e+05
9.480000000e+00  3.749051607e+05  -2.096843603e+03  3.770020043e+05  3.023029463e+02  4.106128416e+05
9.520000000e+00  3.749038665e+05  -2.033950974e+03  3.769378175e+05  3.022514774e+02  4.107302807e+05
9.560000000e+00  3.749026381e+05  -1.983618199e+03  3.768862563e+05  3.022101325e+02  4.108265114e+05
9.600000000e+00  3.749014435e+05  -1.945359477e+03  3.768468030e+05  3.021784965e+02  4.109014016e+05
9.640000000e+00  3.749002526e+05  -1.919001555e+03  3.768192541e+05  3.021564062e+02  4.109548530e+05
9.680000000e+00  3.748990400e+05  -1.904649066e+03  3.768036890e+05  3.021439251e+02  4.109867166e+05
9.720000000e+00  3.748977872e+05  -1.902625404e+03  3.768004126e+05  3.021412979e+02  4.109967694e+05
9.760000000e+00  3.748964823e+05  -1.913402365e+03  3.768098847e+05  3.021488932e+02  4.109847476e+05
9.800000000e+00  3.748951182e+05  -1.937543692e+03  3.768326619e+05  3.021671573e+02  4.109503839e+05
9.840000000e+00  3.748936893e+05  -1.975672388e+03  3.768693617e+05  3.021965854e+02  4.108934208e+05
9.880000000e+00  3.748921862e+05  -2.028483072e+03  3.769206693e+05  3.022377269e+02  4.108135357e+05
9.920000000e+00  3.748905879e+05  -2.096818805e+03  3.769874067e+05  3.022912410e+02  4.107101224e+05
9.960000000e+00  3.748888508e+05  -2.181841802e+03  3.770706926e+05  3.023580247e+02  4.105818592e+05
1.000000000e+01  3.748868910e+05  -2.285347389e+03  3.771722384e+05  3.024394502e+02  4.104259746e+05
1.004000000e+01  3.748844654e+05  -2.410872925e+03  3.772953383e+05  3.025381592e+02  4.102358327e+05
1.008000000e+01  3.748814807e+05  -2.563173647e+03  3.774446543e+05  3.026578898e+02  4.100024453e+05
1.012000000e+01  3.748773577e+05  -2.752880758e+03  3.776302385e+05  3.028067023e+02  4.097053078e+05
1.016000000e+01  3.748713599e+05  -2.993176368e+03  3.778645363e+05  3.029945764e+02  4.093223309e+05
1.020000000e+01  3.748621039e+05  -3.309549138e+03  3.781716530e+05  3.032408412e+02  4.088201831e+05
1.024000000e+01  3.748479083e+05  -3.743638549e+03  3.785915469e+05  3.035775374e+02  4.081823697e+05
1.028000000e+01  3.748296787e+05  -4.345664702e+03  3.791753434e+05  3.040456607e+02  4.075750142e+05
1.032000000e+01  3.748334761e+05  -5.062223865e+03  3.798956999e+05  3.046232860e+02  4.082776310e+05
1.036000000e+01  3.750515944e+05  -4.920282638e+03  3.799718770e+05  3.046843693e+02  4.178883685e+05
1.040000000e+01  3.758800526e+05  7.733639565e+02  3.751066887e+05  3.007831679e+02  4.650147217e+05
1.044000000e+01  3.741516923e+05  3.114848580e+03  3.710368437e+05  2.975197208e+02  4.853026067e+05
1.048000000e+01  3.745037674e+05  -4.773890289e+03  3.792776577e+05  3.041277024e+02  4.328470885e+05
1.052000000e+01  3.749717185e+05  -5.638212931e+03  3.806099314e+05  3.051959998e+02  4.238828647e+05
1.056000000e+01  3.749844754e+05  -4.654293089e+03  3.796387685e+05  3.044172629e+02  4.284386925e+05
1.060000000e+01  3.748600495e+05  -4.493110925e+03  3.793531604e+05  3.041882450e+02  4.280930434e+05
1.064000000e+01  3.748212504e+05  -5.219338940e+03  3.800405894e+05  3.047394671e+02  4.219427763e+05
1.068000000e+01  3.748715419e+05  -5.764243497e+03  3.806357854e+05  3.052167311e+02  4.174025750e+05
1.072000000e+01  3.749355575e+05  -5.691021387e+03  3.806265789e+05  3.052093488e+02  4.178122839e+05
1.076000000e+01  3.749775932e+05  -5.065866025e+03  3.800434592e+05  3.047417682e+02  4.225742737e+05
1.080000000e+01  3.749413388e+05  -4.408556777e+03  3.793498956e+05  3.041856271e+02  4.275714541e+05
1.084000000e+01  3.748520195e+05  -4.504432004e+03  3.793564515e+05  3.041908840e+02  4.270690481e+05
1.088000000e+01  3.748385630e+05  -5.144812839e+03  3.799833758e+05  3.046935898e+02  4.224455877e+05
1.092000000e+01  3.748916696e+05  -5.488190352e+03  3.803798600e+05  3.050115147e+02  4.196861579e+05
1.096000000e+01  3.749357688e+05  -5.293497507e+03  3.802292663e+05  3.048907596e+02  4.206628466e+05
1.100000000e+01  3.749212436e+05  -4.952883723e+03  3.798741273e+05  3.046059878e+02  4.225725179e+05
1.104000000e+01  3.748628871e+05  -5.049224564e+03  3.799121117e+05  3.046364459e+02  4.212484207e+05
1.108000000e+01  3.748347368e+05  -5.610710222e+03  3.804454470e+05  3.050641063e+02  4.165431964e+05
1.112000000e+01  3.748467496e+05  -6.206758561e+03  3.810535082e+05  3.055516864e+02  4.117673872e+05
1.116000000e+01  3.748665336e+05  -6.618052100e+03  3.814845857e+05  3.058973504e+02  4.089769977e+05
1.120000000e+01  3.748861278e+05  -6.837135656e+03  3.817232635e+05  3.060887367e+02  4.086665314e+05
1.124000000e+01  3.749198624e+05  -6.801236300e+03  3.817210987e+05  3.060870008e+02  4.114463637e+05
1.128000000e+01  3.749806807e+05  -6.283942989e+03  3.812646237e+05  3.057209716e+02  4.186427661e+05
1.132000000e+01  3.750160019e+05  -5.216069674e+03  3.802320716e+05  3.048930090e+02  4.299554287e+05
1.136000000e+01  3.749247432e+05  -4.479212681e+03  3.794039558e+05  3.042289759e+02  4.385044257e+05
1.140000000e+01  3.748550909e+05  -4.748885557e+03  3.796039765e+05  3.043893645e+02  4.391834414e+05
1.144000000e+01  3.749081002e+05  -4.985905926e+03  3.798940061e+05  3.046219278e+02  4.387717581e+05
1.148000000e+01  3.749848249e+05  -4.490145678e+03  3.794749706e+05  3.042859198e+02  4.419898488e+05
1.152000000e+01  3.749473714e+05  -3.699666254e+03  3.786470377e+05  3.036220333e+02  4.454565869e+05
1.156000000e+01  3.747736744e+05  -4.245034087e+03  3.790187085e+05  3.039200614e+02  4.381291350e+05
1.160000000e+01  3.747779311e+05  -5.674141089e+03  3.804520722e+05  3.050694188e+02  4.235298076e+05
1.164000000e+01  3.748661455e+05  -6.401938511e+03  3.812680840e+05  3.057237463e+02  4.133545097e+05
1.168000000e+01  3.749133936e+05  -6.435770080e+03  3.813491637e+05  3.057887609e+02  4.086190969e+05
1.172000000e+01  3.749262452e+05  -6.200107397e+03  3.811263526e+05  3.056100975e+02  4.067960386e+05
1.176000000e+01  3.749247035e+05  -5.924642252e+03  3.808493458e+05  3.053879767e+02  4.062491053e+05
1.180000000e+01  3.749184303e+05  -5.694518331e+03  3.806129486e+05  3.051984192e+02  4.062377941e+05
1.184000000e+01  3.749110645e+05  -5.534577045e+03  3.804456415e+05  3.050642623e+02  4.064640779e+05
1.188000000e+01  3.749039046e+05  -5.447764213e+03  3.803516688e+05  3.049889093e+02  4.068319272e+05
1.192000000e+01  3.748975296e+05  -5.428698932e+03  3.803262285e+05  3.049685098e+02  4.073515959e+05
1.196000000e+01  3.748924986e+05  -5.466707026e+03  3.803592056e+05  3.049949528e+02  4.081137857e+05
1.200000000e+01  3.748897531e+05  -5.543770752e+03  3.804335238e+05  3.050545456e+02  4.093005285e+05
1.204000000e+01  3.748910587e+05  -5.628720762e+03  3.805197795e+05  3.051237106e+02  4.112230468e+05
1.208000000e+01  3.749012386e+05  -5.660788246e+03  3.805620269e+05  3.051575871e+02  4.144304653e+05
1.212000000e+01  3.749429534e+05  -5.460398362e+03  3.804033518e+05  3.050303518e+02  4.202639783e+05
1.216000000e+01  3.751034626e+05  -4.320387611e+03  3.794238503e+05  3.042449284e+02  4.331642223e+05
1.220000000e+01  3.753059128e+05  -9.773149093e+02  3.762832277e+05  3.017265879e+02  4.594005123e+05
1.224000000e+01  3.746537543e+05  -1.624037309e+01  3.746699946e+05  3.004330003e+02  4.661686440e+05
1.228000000e+01  3.745421447e+05  -4.139955057e+03  3.786820997e+05  3.036501481e+02  4.360288377e+05
1.232000000e+01  3.747964423e+05  -6.269713744e+03  3.810661560e+05  3.055618283e+02  4.175435432e+05
1.236000000e+01  3.748850565e+05  -6.765386191e+03  3.816504427e+05  3.060303445e+02  4.114413651e+05
1.240000000e+01  3.749225585e+05  -6.743927390e+03  3.816664859e+05  3.060432089e+02  4.111728244e+05
1.244000000e+01  3.750044185e+05  -6.177219758e+03  3.811816382e+05  3.056544289e+02  4.167592022e+05
1.248000000e+01  3.751465650e+05  -4.400203143e+03  3.795467681e+05  3.043434914e+02  4.315908470e+05
1.252000000e+01  3.750057932e+05  -2.376549604e+03  3.773823428e+05  3.026079247e+02  4.473355486e+05
1.256000000e+01  3.747337090e+05  -3.237708419e+03  3.779714174e+05  3.030802802e+02  4.422648292e+05
1.260000000e+01  3.748607820e+05  -4.433564395e+03  3.792943464e+05  3.041410845e+02  4.330628522e+05
1.264000000e+01  3.749177545e+05  -4.398736286e+03  3.793164908e+05  3.041588411e+02  4.309798393e+05
1.268000000e+01  3.748372968e+05  -4.696302043e+03  3.795335988e+05  3.043329314e+02  4.263392574e+05
1.272000000e+01  3.748229606e+05  -5.529287769e+03  3.803522484e+05  3.049893740e+02  4.182075587e+05
1.276000000e+01  3.748735392e+05  -6.086164432e+03  3.809597036e+05  3.054764683e+02  4.128020102e+05
1.280000000e+01  3.749634109e+05  -5.952198589e+03  3.809156095e+05  3.054411110e+02  4.137219434e+05
1.284000000e+01  3.751530945e+05  -4.424951510e+03  3.795780460e+05  3.043685719e+02  4.253919924e+05
1.288000000e+01  3.751580482e+05  -1.460769216e+03  3.766188174e+05  3.019956839e+02  4.458811921e+05
1.292000000e+01  3.746666902e+05  -1.780858080e+03  3.764475482e+05  3.018583500e+02  4.422735107e+05
1.296000000e+01  3.747223923e+05  -4.298830638e+03  3.790212230e+05  3.039220776e+02  4.217467610e+05
1.300000000e+01  3.748788783e+05  -5.165363653e+03  3.800442420e+05  3.047423960e+02  4.116540042e+05
1.304000000e+01  3.749241867e+05  -5.098870333e+03  3.800230570e+05  3.047254085e+02  4.089860582e+05
1.308000000e+01  3.749253517e+05  -4.859580574e+03  3.797849323e+05  3.045344658e+02  4.088317360e+05
1.312000000e+01  3.749151081e+05  -4.682277593e+03  3.795973857e+05  3.043840796e+02  4.093117437e+05
1.316000000e+01  3.749012486e+05  -4.628018926e+03  3.795292675e+05  3.043294584e+02  4.097814526e+05
1.320000000e+01  3.748853571e+05  -4.723476332e+03  3.796088334e+05  3.043932591e+02  4.100170775e+05
1.324000000e+01  3.748701597e+05  -4.979880278e+03  3.798500400e+05  3.045866731e+02  4.101389330e+05
1.328000000e+01  3.748780142e+05  -5.303582583e+03  3.801815968e+05  3.048525353e+02  4.113007937e+05
1.332000000e+01  3.750354159e+05  -4.950201357e+03  3.799856173e+05  3.046953871e+02  4.191272287e+05
1.336000000e+01  3.756227526e+05  -8.073304623e+02  3.764300830e+05  3.018443453e+02  4.527799520e+05
1.340000000e+01  3.746963808e+05  3.519609297e+03  3.711767715e+05  2.976319232e+02  4.839566745e+05
1.344000000e+01  3.743586537e+05  -3.112497459e+03  3.774711511e+05  3.026791365e+02  4.396043296e+05
1.348000000e+01  3.748803744e+05  -5.392819885e+03  3.802731943e+05  3.049259837e+02  4.214580696e+05
1.352000000e+01  3.750299662e+05  -4.638650705e+03  3.796686169e+05  3.044411971e+02  4.249144018e+05
1.356000000e+01  3.749798586e+05  -3.504743811e+03  3.784846024e+05  3.034917829e+02  4.317841477e+05
1.360000000e+01  3.748307244e+05  -3.606943225e+03  3.784376676e+05  3.034541477e+02  4.300458695e+05
1.364000000e+01  3.748067072e+05  -4.599830815e+03  3.794065380e+05  3.042310464e+02  4.216650513e+05
1.368000000e+01  3.748586327e+05  -5.294848074e+03  3.801534807e+05  3.048299902e+02  4.151103852e+05
1.372000000e+01  3.748762497e+05  -5.356646964e+03  3.802328966e+05  3.048936706e+02  4.153227309e+05
1.376000000e+01  3.748810698e+05  -5.356213293e+03  3.802372831e+05  3.048971879e+02  4.163988486e+05
1.380000000e+01  3.749033203e+05  -5.217372070e+03  3.801206923e+05  3.048036985e+02  4.184082792e+05
1.384000000e+01  3.749376924e+05  -4.779343387e+03  3.797170357e+05  3.044800222e+02  4.223678236e+05
1.388000000e+01  3.749511075e+05  -4.077161453e+03  3.790282689e+05  3.039277275e+02  4.277440419e+05
1.392000000e+01  3.749103096e+05  -3.539807005e+03  3.784501166e+05  3.034641300e+02  4.312593765e+05
1.396000000e+01  3.748659461e+05  -3.502414089e+03  3.783683602e+05  3.033985729e+02  4.304520138e+05
1.400000000e+01  3.748694883e+05  -3.643469622e+03  3.785129579e+05  3.035145200e+02  4.275427543e+05
1.404000000e+01  3.748850187e+05  -3.638642506e+03  3.785236613e+05  3.035231026e+02  4.249921191e+05
1.408000000e+01  3.748843251e+05  -3.561677337e+03  3.784460024e+05  3.034608310e+02  4.225883038e+05
1.412000000e+01  3.748786147e+05  -3.532586716e+03  3.784112015e+05  3.034329255e+02  4.197122857e+05
1.416000000e+01  3.748803125e+05  -3.521777417e+03  3.784020900e+05  3.034256194e+02  4.167272780e+05
1.420000000e+01  3.748869576e+05  -3.460231364e+03  3.783471890e+05  3.033815965e+02  4.142706367e+05
1.424000000e+01  3.748926797e+05  -3.332765440e+03  3.782254451e+05  3.032839749e+02  4.125809354e+05
1.428000000e+01  3.748951424e+05  -3.165062176e+03  3.780602046e+05  3.031514751e+02  4.115533883e+05
1.432000000e+01  3.748949756e+05  -2.987661942e+03  3.778826375e+05  3.030090911e+02  4.109850362e+05
1.436000000e+01  3.748930632e+05  -2.822082044e+03  3.777151453e+05  3.028747857e+02  4.106997611e+05
1.440000000e+01  3.748902437e+05  -2.680974866e+03  3.775712186e+05  3.027593766e+02  4.105745270e+05
1.444000000e+01  3.748870040e+05  -2.570600448e+03  3.774576045e+05  3.026682740e+02  4.105327978e+05
1.448000000e+01  3.748836020e+05  -2.493630423e+03  3.773772324e+05  3.026038268e+02  4.105314285e+05
1.452000000e+01  3.748801670e+05  -2.450936142e+03  3.773311032e+05  3.025668376e+02  4.105514042e+05
1.456000000e+01  3.748768062e+05  -2.442308113e+03  3.773191143e+05  3.025572242e+02  4.105947816e+05
1.460000000e+01  3.748737374e+05  -2.466011872e+03  3.773397492e+05  3.025737705e+02  4.106893848e+05
1.464000000e+01  3.748715251e+05  -2.516542742e+03  3.773880678e+05  3.026125153e+02  4.109053051e+05
1.468000000e+01  3.748715458e+05  -2.578903719e+03  3.774504495e+05  3.026625367e+02  4.113920788e+05
1.472000000e+01  3.748768407e+05  -2.616299010e+03  3.774931397e+05  3.026967683e+02  4.124495746e+05
1.476000000e+01  3.748926891e+05  -2.549421226e+03  3.774421103e+05  3.026558498e+02  4.146243501e+05
1.480000000e+01  3.749225033e+05  -2.248861721e+03  3.771713650e+05  3.024387499e+02  4.186575862e+05
1.484000000e+01  3.749472038e+05  -1.648801785e+03  3.765960056e+05  3.019773920e+02  4.245840208e+05
1.488000000e+01  3.749118497e+05  -1.090817043e+03  3.760026667e+05  3.015016171e+02  4.294992220e+05
1.492000000e+01  3.748292820e+05  -1.220865837e+03  3.760501478e+05  3.015396903e+02  4.286728224e+05
1.496000000e+01  3.748026877e+05  -1.927400734e+03  3.767300885e+05  3.020849078e+02  4.229159610e+05
1.500000000e+01  3.748288246e+05  -2.558236384e+03  3.773870610e+05  3.026117080e+02  4.171070783e+05
